-2.17151e-294 2.19004e-294 -2.5 
2.16913e-294 -2.18764e-294 2.5 
-2.16252e-294 2.18097e-294 -2.5 
2.16245e-294 -2.1809e-294 2.5 
-2.16931e-294 2.18782e-294 -2.5 
2.16692e-294 -2.18541e-294 2.5 
-2.16034e-294 2.17878e-294 -2.5 
2.16027e-294 -2.1787e-294 2.5 
-2.16708e-294 2.18557e-294 -2.5 
2.16469e-294 -2.18316e-294 2.5 
-2.15813e-294 2.17655e-294 -2.5 
2.15806e-294 -2.17647e-294 2.5 
-2.16485e-294 2.18332e-294 -2.5 
2.16246e-294 -2.18091e-294 2.5 
-2.15591e-294 2.17431e-294 -2.5 
2.15584e-294 -2.17423e-294 2.5 
-2.16262e-294 2.18107e-294 -2.5 
2.16023e-294 -2.17866e-294 2.5 
-2.15369e-294 2.17207e-294 -2.5 
2.15361e-294 -2.17199e-294 2.5 
-2.16038e-294 2.17882e-294 -2.5 
2.158e-294 -2.17642e-294 2.5 
-2.15147e-294 2.16983e-294 -2.5 
2.15139e-294 -2.16975e-294 2.5 
-2.15815e-294 2.17657e-294 -2.5 
2.15577e-294 -2.17417e-294 2.5 
-2.14925e-294 2.16759e-294 -2.5 
2.14917e-294 -2.16751e-294 2.5 
-2.15591e-294 2.1743e-294 -2.5 
2.15352e-294 -2.1719e-294 2.5 
-2.14702e-294 2.16534e-294 -2.5 
2.14694e-294 -2.16526e-294 2.5 
-2.17066e-294 2.18918e-294 -2.5 
2.16799e-294 -2.18649e-294 2.5 
-2.1614e-294 2.17984e-294 -2.5 
2.1616e-294 -2.18005e-294 2.5 
-2.16844e-294 2.18694e-294 -2.5 
2.16578e-294 -2.18426e-294 2.5 
-2.15919e-294 2.17762e-294 -2.5 
2.1594e-294 -2.17782e-294 2.5 
-2.16621e-294 2.18469e-294 -2.5 
2.16355e-294 -2.18202e-294 2.5 
-2.15698e-294 2.17539e-294 -2.5 
2.15718e-294 -2.17559e-294 2.5 
-2.16398e-294 2.18244e-294 -2.5 
2.16132e-294 -2.17977e-294 2.5 
-2.15476e-294 2.17315e-294 -2.5 
2.15496e-294 -2.17335e-294 2.5 
-2.16174e-294 2.18019e-294 -2.5 
2.15909e-294 -2.17752e-294 2.5 
-2.15254e-294 2.17091e-294 -2.5 
2.15274e-294 -2.17111e-294 2.5 
-2.15951e-294 2.17794e-294 -2.5 
2.15687e-294 -2.17527e-294 2.5 
-2.15032e-294 2.16867e-294 -2.5 
2.15052e-294 -2.16887e-294 2.5 
-2.15728e-294 2.17569e-294 -2.5 
2.15464e-294 -2.17302e-294 2.5 
-2.1481e-294 2.16643e-294 -2.5 
2.1483e-294 -2.16663e-294 2.5 
-2.15505e-294 2.17344e-294 -2.5 
2.1524e-294 -2.17077e-294 2.5 
-2.14587e-294 2.16418e-294 -2.5 
2.14607e-294 -2.16439e-294 2.5 
-2.16981e-294 2.18833e-294 -2.5 
2.16714e-294 -2.18563e-294 2.5 
-2.16054e-294 2.17898e-294 -2.5 
2.16076e-294 -2.1792e-294 2.5 
-2.16759e-294 2.18608e-294 -2.5 
2.16491e-294 -2.18339e-294 2.5 
-2.15833e-294 2.17675e-294 -2.5 
2.15855e-294 -2.17697e-294 2.5 
-2.16536e-294 2.18383e-294 -2.5 
2.16269e-294 -2.18114e-294 2.5 
-2.15611e-294 2.17451e-294 -2.5 
2.15633e-294 -2.17473e-294 2.5 
-2.16312e-294 2.18158e-294 -2.5 
2.16046e-294 -2.17889e-294 2.5 
-2.15389e-294 2.17227e-294 -2.5 
2.15411e-294 -2.1725e-294 2.5 
-2.16089e-294 2.17933e-294 -2.5 
2.15823e-294 -2.17665e-294 2.5 
-2.15167e-294 2.17003e-294 -2.5 
2.15189e-294 -2.17026e-294 2.5 
-2.15866e-294 2.17708e-294 -2.5 
2.156e-294 -2.1744e-294 2.5 
-2.14945e-294 2.16779e-294 -2.5 
2.14967e-294 -2.16802e-294 2.5 
-2.15643e-294 2.17483e-294 -2.5 
2.15377e-294 -2.17215e-294 2.5 
-2.14723e-294 2.16556e-294 -2.5 
2.14745e-294 -2.16578e-294 2.5 
-2.15421e-294 2.17259e-294 -2.5 
2.15154e-294 -2.1699e-294 2.5 
-2.14501e-294 2.16332e-294 -2.5 
2.14523e-294 -2.16354e-294 2.5 
-2.169e-294 2.18751e-294 -2.5 
2.1663e-294 -2.18479e-294 2.5 
-2.15971e-294 2.17814e-294 -2.5 
2.15995e-294 -2.17838e-294 2.5 
-2.16677e-294 2.18526e-294 -2.5 
2.16408e-294 -2.18255e-294 2.5 
-2.1575e-294 2.17591e-294 -2.5 
2.15774e-294 -2.17615e-294 2.5 
-2.16454e-294 2.18301e-294 -2.5 
2.16185e-294 -2.1803e-294 2.5 
-2.15528e-294 2.17367e-294 -2.5 
2.15552e-294 -2.17392e-294 2.5 
-2.16231e-294 2.18076e-294 -2.5 
2.15962e-294 -2.17805e-294 2.5 
-2.15306e-294 2.17143e-294 -2.5 
2.1533e-294 -2.17168e-294 2.5 
-2.16008e-294 2.17851e-294 -2.5 
2.1574e-294 -2.17581e-294 2.5 
-2.15084e-294 2.16919e-294 -2.5 
2.15108e-294 -2.16944e-294 2.5 
-2.15785e-294 2.17627e-294 -2.5 
2.15517e-294 -2.17356e-294 2.5 
-2.14862e-294 2.16696e-294 -2.5 
2.14886e-294 -2.1672e-294 2.5 
-2.15562e-294 2.17402e-294 -2.5 
2.15294e-294 -2.17131e-294 2.5 
-2.1464e-294 2.16472e-294 -2.5 
2.14664e-294 -2.16496e-294 2.5 
-2.1534e-294 2.17178e-294 -2.5 
2.15072e-294 -2.16907e-294 2.5 
-2.14418e-294 2.16248e-294 -2.5 
2.14443e-294 -2.16273e-294 2.5 
-2.16823e-294 2.18673e-294 -2.5 
2.16551e-294 -2.18399e-294 2.5 
-2.15892e-294 2.17734e-294 -2.5 
2.15918e-294 -2.17761e-294 2.5 
-2.166e-294 2.18448e-294 -2.5 
2.16328e-294 -2.18174e-294 2.5 
-2.15671e-294 2.17511e-294 -2.5 
2.15697e-294 -2.17538e-294 2.5 
-2.16377e-294 2.18223e-294 -2.5 
2.16106e-294 -2.1795e-294 2.5 
-2.15449e-294 2.17287e-294 -2.5 
2.15475e-294 -2.17314e-294 2.5 
-2.16154e-294 2.17999e-294 -2.5 
2.15883e-294 -2.17725e-294 2.5 
-2.15227e-294 2.17064e-294 -2.5 
2.15253e-294 -2.1709e-294 2.5 
-2.15931e-294 2.17774e-294 -2.5 
2.1566e-294 -2.17501e-294 2.5 
-2.15005e-294 2.1684e-294 -2.5 
2.15032e-294 -2.16867e-294 2.5 
-2.15708e-294 2.17549e-294 -2.5 
2.15438e-294 -2.17276e-294 2.5 
-2.14783e-294 2.16616e-294 -2.5 
2.1481e-294 -2.16643e-294 2.5 
-2.15485e-294 2.17324e-294 -2.5 
2.15215e-294 -2.17052e-294 2.5 
-2.14561e-294 2.16392e-294 -2.5 
2.14588e-294 -2.16419e-294 2.5 
-2.15263e-294 2.171e-294 -2.5 
2.14993e-294 -2.16828e-294 2.5 
-2.1434e-294 2.16169e-294 -2.5 
2.14366e-294 -2.16196e-294 2.5 
-2.1675e-294 2.18599e-294 -2.5 
2.16476e-294 -2.18323e-294 2.5 
-2.15817e-294 2.17659e-294 -2.5 
2.15846e-294 -2.17688e-294 2.5 
-2.16527e-294 2.18375e-294 -2.5 
2.16254e-294 -2.18099e-294 2.5 
-2.15596e-294 2.17436e-294 -2.5 
2.15625e-294 -2.17465e-294 2.5 
-2.16304e-294 2.1815e-294 -2.5 
2.16031e-294 -2.17875e-294 2.5 
-2.15374e-294 2.17212e-294 -2.5 
2.15403e-294 -2.17241e-294 2.5 
-2.16081e-294 2.17925e-294 -2.5 
2.15808e-294 -2.1765e-294 2.5 
-2.15153e-294 2.16989e-294 -2.5 
2.15181e-294 -2.17017e-294 2.5 
-2.15859e-294 2.17701e-294 -2.5 
2.15586e-294 -2.17426e-294 2.5 
-2.14931e-294 2.16765e-294 -2.5 
2.14959e-294 -2.16794e-294 2.5 
-2.15636e-294 2.17476e-294 -2.5 
2.15363e-294 -2.17201e-294 2.5 
-2.14709e-294 2.16541e-294 -2.5 
2.14738e-294 -2.1657e-294 2.5 
-2.15413e-294 2.17251e-294 -2.5 
2.15141e-294 -2.16977e-294 2.5 
-2.14487e-294 2.16318e-294 -2.5 
2.14516e-294 -2.16347e-294 2.5 
-2.15191e-294 2.17027e-294 -2.5 
2.14919e-294 -2.16753e-294 2.5 
-2.14266e-294 2.16094e-294 -2.5 
2.14294e-294 -2.16123e-294 2.5 
-2.1668e-294 2.18529e-294 -2.5 
2.16405e-294 -2.18252e-294 2.5 
-2.15747e-294 2.17588e-294 -2.5 
2.15776e-294 -2.17617e-294 2.5 
-2.16458e-294 2.18305e-294 -2.5 
2.16183e-294 -2.18028e-294 2.5 
-2.15526e-294 2.17365e-294 -2.5 
2.15555e-294 -2.17395e-294 2.5 
-2.16235e-294 2.1808e-294 -2.5 
2.15961e-294 -2.17804e-294 2.5 
-2.15304e-294 2.17142e-294 -2.5 
2.15334e-294 -2.17172e-294 2.5 
-2.16012e-294 2.17856e-294 -2.5 
2.15738e-294 -2.17579e-294 2.5 
-2.15083e-294 2.16918e-294 -2.5 
2.15112e-294 -2.16948e-294 2.5 
-2.15789e-294 2.17631e-294 -2.5 
2.15516e-294 -2.17355e-294 2.5 
-2.14861e-294 2.16694e-294 -2.5 
2.14891e-294 -2.16724e-294 2.5 
-2.15567e-294 2.17406e-294 -2.5 
2.15293e-294 -2.17131e-294 2.5 
-2.14639e-294 2.16471e-294 -2.5 
2.14669e-294 -2.16501e-294 2.5 
-2.15344e-294 2.17182e-294 -2.5 
2.15071e-294 -2.16906e-294 2.5 
-2.14418e-294 2.16247e-294 -2.5 
2.14447e-294 -2.16277e-294 2.5 
-2.15122e-294 2.16958e-294 -2.5 
2.14849e-294 -2.16682e-294 2.5 
-2.14196e-294 2.16024e-294 -2.5 
2.14226e-294 -2.16054e-294 2.5 
-2.16574e-294 2.18422e-294 -2.5 
2.16335e-294 -2.18182e-294 2.5 
-2.15677e-294 2.17517e-294 -2.5 
2.1567e-294 -2.17511e-294 2.5 
-2.16354e-294 2.18201e-294 -2.5 
2.16114e-294 -2.17958e-294 2.5 
-2.15457e-294 2.17296e-294 -2.5 
2.15453e-294 -2.17291e-294 2.5 
-2.16132e-294 2.17977e-294 -2.5 
2.15892e-294 -2.17734e-294 2.5 
-2.15236e-294 2.17073e-294 -2.5 
2.15232e-294 -2.17069e-294 2.5 
-2.1591e-294 2.17752e-294 -2.5 
2.15669e-294 -2.1751e-294 2.5 
-2.15014e-294 2.16849e-294 -2.5 
2.15011e-294 -2.16846e-294 2.5 
-2.15687e-294 2.17528e-294 -2.5 
2.15447e-294 -2.17286e-294 2.5 
-2.14793e-294 2.16626e-294 -2.5 
2.14789e-294 -2.16622e-294 2.5 
-2.15464e-294 2.17303e-294 -2.5 
2.15225e-294 -2.17061e-294 2.5 
-2.14571e-294 2.16402e-294 -2.5 
2.14568e-294 -2.16399e-294 2.5 
-2.15242e-294 2.17078e-294 -2.5 
2.15002e-294 -2.16837e-294 2.5 
-2.14349e-294 2.16179e-294 -2.5 
2.14346e-294 -2.16175e-294 2.5 
-2.15018e-294 2.16853e-294 -2.5 
2.14779e-294 -2.16612e-294 2.5 
-2.14128e-294 2.15955e-294 -2.5 
2.14124e-294 -2.15951e-294 2.5 
-2.16415e-294 2.18262e-294 -2.5 
2.16184e-294 -2.18029e-294 2.5 
-2.1553e-294 2.17369e-294 -2.5 
2.15517e-294 -2.17356e-294 2.5 
-2.16193e-294 2.18038e-294 -2.5 
2.15962e-294 -2.17805e-294 2.5 
-2.15308e-294 2.17145e-294 -2.5 
2.15296e-294 -2.17133e-294 2.5 
-2.15971e-294 2.17814e-294 -2.5 
2.1574e-294 -2.17581e-294 2.5 
-2.15086e-294 2.16922e-294 -2.5 
2.15075e-294 -2.1691e-294 2.5 
-2.15748e-294 2.17589e-294 -2.5 
2.15517e-294 -2.17356e-294 2.5 
-2.14865e-294 2.16698e-294 -2.5 
2.14853e-294 -2.16687e-294 2.5 
-2.15526e-294 2.17365e-294 -2.5 
2.15295e-294 -2.17132e-294 2.5 
-2.14643e-294 2.16475e-294 -2.5 
2.14632e-294 -2.16464e-294 2.5 
-2.15303e-294 2.17141e-294 -2.5 
2.15073e-294 -2.16908e-294 2.5 
-2.14421e-294 2.16251e-294 -2.5 
2.1441e-294 -2.1624e-294 2.5 
-2.15081e-294 2.16916e-294 -2.5 
2.1485e-294 -2.16684e-294 2.5 
-2.142e-294 2.16028e-294 -2.5 
2.14189e-294 -2.16017e-294 2.5 
-2.14857e-294 2.16691e-294 -2.5 
2.14627e-294 -2.16459e-294 2.5 
-2.13978e-294 2.15804e-294 -2.5 
2.13967e-294 -2.15793e-294 2.5 
-2.16325e-294 2.18171e-294 -2.5 
2.16063e-294 -2.17907e-294 2.5 
-2.15407e-294 2.17245e-294 -2.5 
2.15427e-294 -2.17266e-294 2.5 
-2.16103e-294 2.17947e-294 -2.5 
2.15841e-294 -2.17683e-294 2.5 
-2.15185e-294 2.17022e-294 -2.5 
2.15206e-294 -2.17042e-294 2.5 
-2.15881e-294 2.17723e-294 -2.5 
2.15619e-294 -2.17459e-294 2.5 
-2.14964e-294 2.16798e-294 -2.5 
2.14985e-294 -2.16819e-294 2.5 
-2.15658e-294 2.17499e-294 -2.5 
2.15396e-294 -2.17234e-294 2.5 
-2.14743e-294 2.16575e-294 -2.5 
2.14763e-294 -2.16596e-294 2.5 
-2.15436e-294 2.17274e-294 -2.5 
2.15174e-294 -2.1701e-294 2.5 
-2.14521e-294 2.16352e-294 -2.5 
2.14542e-294 -2.16373e-294 2.5 
-2.15214e-294 2.1705e-294 -2.5 
2.14952e-294 -2.16786e-294 2.5 
-2.143e-294 2.16128e-294 -2.5 
2.14321e-294 -2.16149e-294 2.5 
-2.14991e-294 2.16826e-294 -2.5 
2.1473e-294 -2.16562e-294 2.5 
-2.14078e-294 2.15905e-294 -2.5 
2.14099e-294 -2.15926e-294 2.5 
-2.14768e-294 2.16601e-294 -2.5 
2.14508e-294 -2.16338e-294 2.5 
-2.13857e-294 2.15682e-294 -2.5 
2.13878e-294 -2.15703e-294 2.5 
-2.16239e-294 2.18085e-294 -2.5 
2.15973e-294 -2.17816e-294 2.5 
-2.15317e-294 2.17155e-294 -2.5 
2.15342e-294 -2.17179e-294 2.5 
-2.16017e-294 2.1786e-294 -2.5 
2.15751e-294 -2.17592e-294 2.5 
-2.15096e-294 2.16931e-294 -2.5 
2.1512e-294 -2.16956e-294 2.5 
-2.15795e-294 2.17636e-294 -2.5 
2.15529e-294 -2.17368e-294 2.5 
-2.14874e-294 2.16708e-294 -2.5 
2.14899e-294 -2.16733e-294 2.5 
-2.15572e-294 2.17412e-294 -2.5 
2.15306e-294 -2.17144e-294 2.5 
-2.14653e-294 2.16485e-294 -2.5 
2.14677e-294 -2.16509e-294 2.5 
-2.1535e-294 2.17188e-294 -2.5 
2.15084e-294 -2.1692e-294 2.5 
-2.14431e-294 2.16261e-294 -2.5 
2.14456e-294 -2.16286e-294 2.5 
-2.15128e-294 2.16963e-294 -2.5 
2.14862e-294 -2.16696e-294 2.5 
-2.1421e-294 2.16038e-294 -2.5 
2.14235e-294 -2.16063e-294 2.5 
-2.14905e-294 2.16739e-294 -2.5 
2.1464e-294 -2.16472e-294 2.5 
-2.13989e-294 2.15815e-294 -2.5 
2.14014e-294 -2.1584e-294 2.5 
-2.14682e-294 2.16515e-294 -2.5 
2.14418e-294 -2.16248e-294 2.5 
-2.13768e-294 2.15592e-294 -2.5 
2.13792e-294 -2.15617e-294 2.5 
-2.16158e-294 2.18002e-294 -2.5 
2.15888e-294 -2.1773e-294 2.5 
-2.15232e-294 2.17069e-294 -2.5 
2.1526e-294 -2.17097e-294 2.5 
-2.15935e-294 2.17778e-294 -2.5 
2.15665e-294 -2.17506e-294 2.5 
-2.15011e-294 2.16846e-294 -2.5 
2.15039e-294 -2.16874e-294 2.5 
-2.15713e-294 2.17554e-294 -2.5 
2.15443e-294 -2.17282e-294 2.5 
-2.14789e-294 2.16622e-294 -2.5 
2.14817e-294 -2.16651e-294 2.5 
-2.1549e-294 2.17329e-294 -2.5 
2.15221e-294 -2.17058e-294 2.5 
-2.14568e-294 2.16399e-294 -2.5 
2.14596e-294 -2.16427e-294 2.5 
-2.15268e-294 2.17105e-294 -2.5 
2.14999e-294 -2.16834e-294 2.5 
-2.14347e-294 2.16176e-294 -2.5 
2.14375e-294 -2.16204e-294 2.5 
-2.15046e-294 2.16881e-294 -2.5 
2.14777e-294 -2.1661e-294 2.5 
-2.14126e-294 2.15953e-294 -2.5 
2.14154e-294 -2.15981e-294 2.5 
-2.14824e-294 2.16657e-294 -2.5 
2.14555e-294 -2.16386e-294 2.5 
-2.13904e-294 2.1573e-294 -2.5 
2.13932e-294 -2.15758e-294 2.5 
-2.14601e-294 2.16433e-294 -2.5 
2.14334e-294 -2.16163e-294 2.5 
-2.13683e-294 2.15507e-294 -2.5 
2.13711e-294 -2.15535e-294 2.5 
-2.16081e-294 2.17925e-294 -2.5 
2.15808e-294 -2.1765e-294 2.5 
-2.15153e-294 2.16989e-294 -2.5 
2.15184e-294 -2.1702e-294 2.5 
-2.15858e-294 2.177e-294 -2.5 
2.15586e-294 -2.17426e-294 2.5 
-2.14931e-294 2.16766e-294 -2.5 
2.14962e-294 -2.16796e-294 2.5 
-2.15636e-294 2.17476e-294 -2.5 
2.15364e-294 -2.17202e-294 2.5 
-2.1471e-294 2.16542e-294 -2.5 
2.14741e-294 -2.16573e-294 2.5 
-2.15414e-294 2.17252e-294 -2.5 
2.15142e-294 -2.16978e-294 2.5 
-2.14489e-294 2.16319e-294 -2.5 
2.1452e-294 -2.1635e-294 2.5 
-2.15192e-294 2.17028e-294 -2.5 
2.1492e-294 -2.16754e-294 2.5 
-2.14268e-294 2.16096e-294 -2.5 
2.14298e-294 -2.16127e-294 2.5 
-2.14969e-294 2.16804e-294 -2.5 
2.14698e-294 -2.1653e-294 2.5 
-2.14046e-294 2.15873e-294 -2.5 
2.14077e-294 -2.15904e-294 2.5 
-2.14747e-294 2.1658e-294 -2.5 
2.14476e-294 -2.16307e-294 2.5 
-2.13825e-294 2.1565e-294 -2.5 
2.13856e-294 -2.15681e-294 2.5 
-2.14525e-294 2.16356e-294 -2.5 
2.14255e-294 -2.16083e-294 2.5 
-2.13604e-294 2.15427e-294 -2.5 
2.13635e-294 -2.15458e-294 2.5 
-2.16009e-294 2.17852e-294 -2.5 
2.15734e-294 -2.17575e-294 2.5 
-2.15079e-294 2.16914e-294 -2.5 
2.15112e-294 -2.16948e-294 2.5 
-2.15786e-294 2.17628e-294 -2.5 
2.15512e-294 -2.17351e-294 2.5 
-2.14857e-294 2.16691e-294 -2.5 
2.1489e-294 -2.16724e-294 2.5 
-2.15564e-294 2.17404e-294 -2.5 
2.1529e-294 -2.17127e-294 2.5 
-2.14636e-294 2.16468e-294 -2.5 
2.14669e-294 -2.16501e-294 2.5 
-2.15342e-294 2.1718e-294 -2.5 
2.15068e-294 -2.16903e-294 2.5 
-2.14415e-294 2.16245e-294 -2.5 
2.14448e-294 -2.16278e-294 2.5 
-2.1512e-294 2.16956e-294 -2.5 
2.14846e-294 -2.16679e-294 2.5 
-2.14194e-294 2.16022e-294 -2.5 
2.14227e-294 -2.16055e-294 2.5 
-2.14898e-294 2.16732e-294 -2.5 
2.14624e-294 -2.16456e-294 2.5 
-2.13973e-294 2.15799e-294 -2.5 
2.14006e-294 -2.15832e-294 2.5 
-2.14676e-294 2.16508e-294 -2.5 
2.14402e-294 -2.16232e-294 2.5 
-2.13752e-294 2.15576e-294 -2.5 
2.13785e-294 -2.15609e-294 2.5 
-2.14453e-294 2.16284e-294 -2.5 
2.14181e-294 -2.16009e-294 2.5 
-2.13531e-294 2.15353e-294 -2.5 
2.13564e-294 -2.15387e-294 2.5 
-2.15941e-294 2.17784e-294 -2.5 
2.15666e-294 -2.17506e-294 2.5 
-2.15011e-294 2.16846e-294 -2.5 
2.15045e-294 -2.1688e-294 2.5 
-2.15719e-294 2.1756e-294 -2.5 
2.15444e-294 -2.17282e-294 2.5 
-2.1479e-294 2.16623e-294 -2.5 
2.14824e-294 -2.16657e-294 2.5 
-2.15497e-294 2.17336e-294 -2.5 
2.15222e-294 -2.17058e-294 2.5 
-2.14568e-294 2.164e-294 -2.5 
2.14603e-294 -2.16434e-294 2.5 
-2.15275e-294 2.17112e-294 -2.5 
2.15e-294 -2.16834e-294 2.5 
-2.14347e-294 2.16176e-294 -2.5 
2.14382e-294 -2.16211e-294 2.5 
-2.15053e-294 2.16888e-294 -2.5 
2.14778e-294 -2.16611e-294 2.5 
-2.14126e-294 2.15953e-294 -2.5 
2.14161e-294 -2.15988e-294 2.5 
-2.14831e-294 2.16664e-294 -2.5 
2.14556e-294 -2.16387e-294 2.5 
-2.13905e-294 2.1573e-294 -2.5 
2.1394e-294 -2.15765e-294 2.5 
-2.14609e-294 2.16441e-294 -2.5 
2.14335e-294 -2.16164e-294 2.5 
-2.13684e-294 2.15508e-294 -2.5 
2.13719e-294 -2.15543e-294 2.5 
-2.14387e-294 2.16216e-294 -2.5 
2.14113e-294 -2.1594e-294 2.5 
-2.13463e-294 2.15285e-294 -2.5 
2.13498e-294 -2.1532e-294 2.5 
-2.15851e-294 2.17693e-294 -2.5 
2.15603e-294 -2.17443e-294 2.5 
-2.14949e-294 2.16783e-294 -2.5 
2.14955e-294 -2.1679e-294 2.5 
-2.1563e-294 2.1747e-294 -2.5 
2.15382e-294 -2.1722e-294 2.5 
-2.14728e-294 2.1656e-294 -2.5 
2.14735e-294 -2.16567e-294 2.5 
-2.15408e-294 2.17246e-294 -2.5 
2.1516e-294 -2.16996e-294 2.5 
-2.14507e-294 2.16337e-294 -2.5 
2.14514e-294 -2.16345e-294 2.5 
-2.15186e-294 2.17022e-294 -2.5 
2.14938e-294 -2.16772e-294 2.5 
-2.14285e-294 2.16114e-294 -2.5 
2.14293e-294 -2.16122e-294 2.5 
-2.14964e-294 2.16798e-294 -2.5 
2.14716e-294 -2.16548e-294 2.5 
-2.14064e-294 2.15891e-294 -2.5 
2.14072e-294 -2.15899e-294 2.5 
-2.14742e-294 2.16575e-294 -2.5 
2.14494e-294 -2.16325e-294 2.5 
-2.13843e-294 2.15668e-294 -2.5 
2.13852e-294 -2.15676e-294 2.5 
-2.1452e-294 2.16351e-294 -2.5 
2.14273e-294 -2.16101e-294 2.5 
-2.13622e-294 2.15445e-294 -2.5 
2.13631e-294 -2.15454e-294 2.5 
-2.14297e-294 2.16126e-294 -2.5 
2.14051e-294 -2.15878e-294 2.5 
-2.13402e-294 2.15223e-294 -2.5 
2.1341e-294 -2.15231e-294 2.5 
-2.17145e-294 2.18999e-294 -2.5 
2.16917e-294 -2.18768e-294 2.5 
-2.1626e-294 2.18105e-294 -2.5 
2.16245e-294 -2.1809e-294 2.5 
-2.16922e-294 2.18773e-294 -2.5 
2.16693e-294 -2.18542e-294 2.5 
-2.16036e-294 2.17879e-294 -2.5 
2.16021e-294 -2.17865e-294 2.5 
-2.16698e-294 2.18548e-294 -2.5 
2.16469e-294 -2.18317e-294 2.5 
-2.15813e-294 2.17655e-294 -2.5 
2.15799e-294 -2.1764e-294 2.5 
-2.16475e-294 2.18322e-294 -2.5 
2.16245e-294 -2.1809e-294 2.5 
-2.1559e-294 2.17429e-294 -2.5 
2.15576e-294 -2.17416e-294 2.5 
-2.16251e-294 2.18097e-294 -2.5 
2.16021e-294 -2.17865e-294 2.5 
-2.15366e-294 2.17204e-294 -2.5 
2.15353e-294 -2.17191e-294 2.5 
-2.16028e-294 2.17871e-294 -2.5 
2.15798e-294 -2.1764e-294 2.5 
-2.15144e-294 2.1698e-294 -2.5 
2.15131e-294 -2.16967e-294 2.5 
-2.15805e-294 2.17646e-294 -2.5 
2.15576e-294 -2.17415e-294 2.5 
-2.14922e-294 2.16756e-294 -2.5 
2.14909e-294 -2.16743e-294 2.5 
-2.15581e-294 2.17421e-294 -2.5 
2.15352e-294 -2.1719e-294 2.5 
-2.147e-294 2.16532e-294 -2.5 
2.14687e-294 -2.16519e-294 2.5 
-2.17049e-294 2.18901e-294 -2.5 
2.16792e-294 -2.18642e-294 2.5 
-2.16133e-294 2.17978e-294 -2.5 
2.16148e-294 -2.17993e-294 2.5 
-2.16825e-294 2.18676e-294 -2.5 
2.16569e-294 -2.18417e-294 2.5 
-2.1591e-294 2.17753e-294 -2.5 
2.15925e-294 -2.17768e-294 2.5 
-2.16602e-294 2.1845e-294 -2.5 
2.16345e-294 -2.18191e-294 2.5 
-2.15688e-294 2.17528e-294 -2.5 
2.15703e-294 -2.17543e-294 2.5 
-2.16379e-294 2.18225e-294 -2.5 
2.16122e-294 -2.17966e-294 2.5 
-2.15465e-294 2.17304e-294 -2.5 
2.1548e-294 -2.17319e-294 2.5 
-2.16155e-294 2.18e-294 -2.5 
2.15898e-294 -2.17741e-294 2.5 
-2.15242e-294 2.17079e-294 -2.5 
2.15258e-294 -2.17095e-294 2.5 
-2.15932e-294 2.17775e-294 -2.5 
2.15676e-294 -2.17516e-294 2.5 
-2.1502e-294 2.16855e-294 -2.5 
2.15036e-294 -2.16871e-294 2.5 
-2.15709e-294 2.1755e-294 -2.5 
2.15453e-294 -2.17292e-294 2.5 
-2.14798e-294 2.16631e-294 -2.5 
2.14814e-294 -2.16647e-294 2.5 
-2.15486e-294 2.17325e-294 -2.5 
2.1523e-294 -2.17067e-294 2.5 
-2.14576e-294 2.16407e-294 -2.5 
2.14592e-294 -2.16423e-294 2.5 
-2.16958e-294 2.18809e-294 -2.5 
2.16695e-294 -2.18544e-294 2.5 
-2.16037e-294 2.17881e-294 -2.5 
2.16058e-294 -2.17902e-294 2.5 
-2.16735e-294 2.18584e-294 -2.5 
2.16472e-294 -2.18319e-294 2.5 
-2.15815e-294 2.17656e-294 -2.5 
2.15835e-294 -2.17677e-294 2.5 
-2.16511e-294 2.18359e-294 -2.5 
2.16249e-294 -2.18094e-294 2.5 
-2.15592e-294 2.17432e-294 -2.5 
2.15613e-294 -2.17453e-294 2.5 
-2.16288e-294 2.18134e-294 -2.5 
2.16026e-294 -2.17869e-294 2.5 
-2.1537e-294 2.17208e-294 -2.5 
2.15391e-294 -2.17229e-294 2.5 
-2.16065e-294 2.17909e-294 -2.5 
2.15803e-294 -2.17645e-294 2.5 
-2.15148e-294 2.16984e-294 -2.5 
2.15169e-294 -2.17005e-294 2.5 
-2.15842e-294 2.17684e-294 -2.5 
2.1558e-294 -2.1742e-294 2.5 
-2.14926e-294 2.1676e-294 -2.5 
2.14947e-294 -2.16781e-294 2.5 
-2.15619e-294 2.17459e-294 -2.5 
2.15358e-294 -2.17195e-294 2.5 
-2.14704e-294 2.16536e-294 -2.5 
2.14725e-294 -2.16557e-294 2.5 
-2.15396e-294 2.17234e-294 -2.5 
2.15135e-294 -2.16971e-294 2.5 
-2.14482e-294 2.16312e-294 -2.5 
2.14503e-294 -2.16333e-294 2.5 
-2.16875e-294 2.18725e-294 -2.5 
2.16607e-294 -2.18455e-294 2.5 
-2.15949e-294 2.17792e-294 -2.5 
2.15975e-294 -2.17818e-294 2.5 
-2.16651e-294 2.185e-294 -2.5 
2.16384e-294 -2.1823e-294 2.5 
-2.15727e-294 2.17568e-294 -2.5 
2.15752e-294 -2.17593e-294 2.5 
-2.16428e-294 2.18275e-294 -2.5 
2.16161e-294 -2.18005e-294 2.5 
-2.15505e-294 2.17344e-294 -2.5 
2.1553e-294 -2.17369e-294 2.5 
-2.16205e-294 2.1805e-294 -2.5 
2.15938e-294 -2.1778e-294 2.5 
-2.15282e-294 2.1712e-294 -2.5 
2.15308e-294 -2.17145e-294 2.5 
-2.15982e-294 2.17825e-294 -2.5 
2.15715e-294 -2.17556e-294 2.5 
-2.1506e-294 2.16896e-294 -2.5 
2.15086e-294 -2.16921e-294 2.5 
-2.15759e-294 2.176e-294 -2.5 
2.15492e-294 -2.17331e-294 2.5 
-2.14839e-294 2.16672e-294 -2.5 
2.14864e-294 -2.16697e-294 2.5 
-2.15536e-294 2.17375e-294 -2.5 
2.1527e-294 -2.17107e-294 2.5 
-2.14617e-294 2.16448e-294 -2.5 
2.14642e-294 -2.16474e-294 2.5 
-2.15313e-294 2.1715e-294 -2.5 
2.15047e-294 -2.16883e-294 2.5 
-2.14395e-294 2.16224e-294 -2.5 
2.1442e-294 -2.1625e-294 2.5 
-2.16797e-294 2.18648e-294 -2.5 
2.16526e-294 -2.18374e-294 2.5 
-2.15869e-294 2.17711e-294 -2.5 
2.15898e-294 -2.1774e-294 2.5 
-2.16574e-294 2.18422e-294 -2.5 
2.16303e-294 -2.18149e-294 2.5 
-2.15647e-294 2.17487e-294 -2.5 
2.15675e-294 -2.17516e-294 2.5 
-2.16351e-294 2.18197e-294 -2.5 
2.1608e-294 -2.17924e-294 2.5 
-2.15424e-294 2.17263e-294 -2.5 
2.15453e-294 -2.17292e-294 2.5 
-2.16128e-294 2.17972e-294 -2.5 
2.15857e-294 -2.17699e-294 2.5 
-2.15202e-294 2.17039e-294 -2.5 
2.15231e-294 -2.17068e-294 2.5 
-2.15905e-294 2.17747e-294 -2.5 
2.15635e-294 -2.17475e-294 2.5 
-2.1498e-294 2.16815e-294 -2.5 
2.15009e-294 -2.16844e-294 2.5 
-2.15682e-294 2.17522e-294 -2.5 
2.15412e-294 -2.1725e-294 2.5 
-2.14758e-294 2.16591e-294 -2.5 
2.14787e-294 -2.1662e-294 2.5 
-2.15459e-294 2.17298e-294 -2.5 
2.1519e-294 -2.17026e-294 2.5 
-2.14537e-294 2.16367e-294 -2.5 
2.14565e-294 -2.16396e-294 2.5 
-2.15236e-294 2.17073e-294 -2.5 
2.14967e-294 -2.16802e-294 2.5 
-2.14315e-294 2.16144e-294 -2.5 
2.14343e-294 -2.16173e-294 2.5 
-2.16726e-294 2.18576e-294 -2.5 
2.16452e-294 -2.18299e-294 2.5 
-2.15795e-294 2.17637e-294 -2.5 
2.15827e-294 -2.17669e-294 2.5 
-2.16503e-294 2.18351e-294 -2.5 
2.16229e-294 -2.18074e-294 2.5 
-2.15573e-294 2.17412e-294 -2.5 
2.15605e-294 -2.17444e-294 2.5 
-2.1628e-294 2.18125e-294 -2.5 
2.16006e-294 -2.17849e-294 2.5 
-2.15351e-294 2.17188e-294 -2.5 
2.15382e-294 -2.1722e-294 2.5 
-2.16056e-294 2.179e-294 -2.5 
2.15783e-294 -2.17624e-294 2.5 
-2.15128e-294 2.16964e-294 -2.5 
2.1516e-294 -2.16996e-294 2.5 
-2.15833e-294 2.17675e-294 -2.5 
2.1556e-294 -2.174e-294 2.5 
-2.14906e-294 2.1674e-294 -2.5 
2.14938e-294 -2.16772e-294 2.5 
-2.15611e-294 2.17451e-294 -2.5 
2.15338e-294 -2.17175e-294 2.5 
-2.14684e-294 2.16516e-294 -2.5 
2.14716e-294 -2.16548e-294 2.5 
-2.15388e-294 2.17226e-294 -2.5 
2.15115e-294 -2.16951e-294 2.5 
-2.14463e-294 2.16293e-294 -2.5 
2.14494e-294 -2.16325e-294 2.5 
-2.15165e-294 2.17001e-294 -2.5 
2.14893e-294 -2.16727e-294 2.5 
-2.14241e-294 2.1607e-294 -2.5 
2.14273e-294 -2.16101e-294 2.5 
-2.16663e-294 2.18512e-294 -2.5 
2.16386e-294 -2.18232e-294 2.5 
-2.15729e-294 2.1757e-294 -2.5 
2.15764e-294 -2.17606e-294 2.5 
-2.1644e-294 2.18287e-294 -2.5 
2.16163e-294 -2.18008e-294 2.5 
-2.15507e-294 2.17346e-294 -2.5 
2.15542e-294 -2.17381e-294 2.5 
-2.16217e-294 2.18062e-294 -2.5 
2.1594e-294 -2.17783e-294 2.5 
-2.15285e-294 2.17122e-294 -2.5 
2.1532e-294 -2.17157e-294 2.5 
-2.15993e-294 2.17837e-294 -2.5 
2.15716e-294 -2.17557e-294 2.5 
-2.15062e-294 2.16898e-294 -2.5 
2.15098e-294 -2.16933e-294 2.5 
-2.1577e-294 2.17612e-294 -2.5 
2.15493e-294 -2.17332e-294 2.5 
-2.1484e-294 2.16673e-294 -2.5 
2.14875e-294 -2.16709e-294 2.5 
-2.15548e-294 2.17387e-294 -2.5 
2.15271e-294 -2.17108e-294 2.5 
-2.14618e-294 2.16449e-294 -2.5 
2.14653e-294 -2.16485e-294 2.5 
-2.15325e-294 2.17163e-294 -2.5 
2.15049e-294 -2.16884e-294 2.5 
-2.14396e-294 2.16226e-294 -2.5 
2.14432e-294 -2.16262e-294 2.5 
-2.15102e-294 2.16938e-294 -2.5 
2.14827e-294 -2.1666e-294 2.5 
-2.14175e-294 2.16003e-294 -2.5 
2.1421e-294 -2.16038e-294 2.5 
-2.16579e-294 2.18427e-294 -2.5 
2.16329e-294 -2.18175e-294 2.5 
-2.15672e-294 2.17512e-294 -2.5 
2.15681e-294 -2.17521e-294 2.5 
-2.16356e-294 2.18202e-294 -2.5 
2.16106e-294 -2.1795e-294 2.5 
-2.1545e-294 2.17288e-294 -2.5 
2.15458e-294 -2.17297e-294 2.5 
-2.16133e-294 2.17977e-294 -2.5 
2.15883e-294 -2.17725e-294 2.5 
-2.15228e-294 2.17064e-294 -2.5 
2.15236e-294 -2.17073e-294 2.5 
-2.15909e-294 2.17752e-294 -2.5 
2.15659e-294 -2.17499e-294 2.5 
-2.15005e-294 2.1684e-294 -2.5 
2.15014e-294 -2.16849e-294 2.5 
-2.15686e-294 2.17527e-294 -2.5 
2.15436e-294 -2.17274e-294 2.5 
-2.14782e-294 2.16615e-294 -2.5 
2.14792e-294 -2.16625e-294 2.5 
-2.15464e-294 2.17302e-294 -2.5 
2.15213e-294 -2.1705e-294 2.5 
-2.1456e-294 2.16391e-294 -2.5 
2.1457e-294 -2.16401e-294 2.5 
-2.15241e-294 2.17078e-294 -2.5 
2.14991e-294 -2.16826e-294 2.5 
-2.14339e-294 2.16168e-294 -2.5 
2.14348e-294 -2.16178e-294 2.5 
-2.15018e-294 2.16853e-294 -2.5 
2.14769e-294 -2.16602e-294 2.5 
-2.14117e-294 2.15945e-294 -2.5 
2.14127e-294 -2.15954e-294 2.5 
-2.16417e-294 2.18264e-294 -2.5 
2.16185e-294 -2.1803e-294 2.5 
-2.1553e-294 2.1737e-294 -2.5 
2.15518e-294 -2.17357e-294 2.5 
-2.16193e-294 2.18038e-294 -2.5 
2.15963e-294 -2.17806e-294 2.5 
-2.15307e-294 2.17145e-294 -2.5 
2.15295e-294 -2.17132e-294 2.5 
-2.1597e-294 2.17813e-294 -2.5 
2.15739e-294 -2.1758e-294 2.5 
-2.15085e-294 2.16921e-294 -2.5 
2.15073e-294 -2.16908e-294 2.5 
-2.15746e-294 2.17587e-294 -2.5 
2.15514e-294 -2.17354e-294 2.5 
-2.14862e-294 2.16696e-294 -2.5 
2.1485e-294 -2.16683e-294 2.5 
-2.15523e-294 2.17362e-294 -2.5 
2.15291e-294 -2.17128e-294 2.5 
-2.14639e-294 2.1647e-294 -2.5 
2.14627e-294 -2.16459e-294 2.5 
-2.153e-294 2.17138e-294 -2.5 
2.15069e-294 -2.16904e-294 2.5 
-2.14417e-294 2.16246e-294 -2.5 
2.14406e-294 -2.16235e-294 2.5 
-2.15078e-294 2.16913e-294 -2.5 
2.14847e-294 -2.1668e-294 2.5 
-2.14195e-294 2.16023e-294 -2.5 
2.14184e-294 -2.16012e-294 2.5 
-2.14855e-294 2.16688e-294 -2.5 
2.14624e-294 -2.16456e-294 2.5 
-2.13974e-294 2.158e-294 -2.5 
2.13963e-294 -2.15789e-294 2.5 
-2.16317e-294 2.18163e-294 -2.5 
2.1606e-294 -2.17904e-294 2.5 
-2.15404e-294 2.17242e-294 -2.5 
2.15419e-294 -2.17257e-294 2.5 
-2.16094e-294 2.17938e-294 -2.5 
2.15838e-294 -2.1768e-294 2.5 
-2.15181e-294 2.17018e-294 -2.5 
2.15196e-294 -2.17032e-294 2.5 
-2.15871e-294 2.17713e-294 -2.5 
2.15615e-294 -2.17455e-294 2.5 
-2.14959e-294 2.16794e-294 -2.5 
2.14974e-294 -2.16809e-294 2.5 
-2.15648e-294 2.17488e-294 -2.5 
2.15391e-294 -2.17229e-294 2.5 
-2.14737e-294 2.16569e-294 -2.5 
2.14752e-294 -2.16585e-294 2.5 
-2.15425e-294 2.17263e-294 -2.5 
2.15168e-294 -2.17004e-294 2.5 
-2.14515e-294 2.16345e-294 -2.5 
2.1453e-294 -2.16361e-294 2.5 
-2.15203e-294 2.17039e-294 -2.5 
2.14946e-294 -2.1678e-294 2.5 
-2.14293e-294 2.16122e-294 -2.5 
2.14309e-294 -2.16138e-294 2.5 
-2.1498e-294 2.16815e-294 -2.5 
2.14724e-294 -2.16557e-294 2.5 
-2.14072e-294 2.15899e-294 -2.5 
2.14088e-294 -2.15914e-294 2.5 
-2.14758e-294 2.1659e-294 -2.5 
2.14502e-294 -2.16333e-294 2.5 
-2.13851e-294 2.15676e-294 -2.5 
2.13866e-294 -2.15691e-294 2.5 
-2.16223e-294 2.18068e-294 -2.5 
2.15963e-294 -2.17806e-294 2.5 
-2.15307e-294 2.17145e-294 -2.5 
2.15326e-294 -2.17163e-294 2.5 
-2.16e-294 2.17843e-294 -2.5 
2.15741e-294 -2.17582e-294 2.5 
-2.15085e-294 2.16921e-294 -2.5 
2.15103e-294 -2.16939e-294 2.5 
-2.15777e-294 2.17619e-294 -2.5 
2.15518e-294 -2.17357e-294 2.5 
-2.14864e-294 2.16697e-294 -2.5 
2.14882e-294 -2.16716e-294 2.5 
-2.15555e-294 2.17394e-294 -2.5 
2.15295e-294 -2.17133e-294 2.5 
-2.14642e-294 2.16474e-294 -2.5 
2.1466e-294 -2.16492e-294 2.5 
-2.15332e-294 2.1717e-294 -2.5 
2.15073e-294 -2.16908e-294 2.5 
-2.1442e-294 2.1625e-294 -2.5 
2.14439e-294 -2.16269e-294 2.5 
-2.1511e-294 2.16946e-294 -2.5 
2.14851e-294 -2.16685e-294 2.5 
-2.14199e-294 2.16027e-294 -2.5 
2.14217e-294 -2.16045e-294 2.5 
-2.14888e-294 2.16722e-294 -2.5 
2.14629e-294 -2.16461e-294 2.5 
-2.13978e-294 2.15804e-294 -2.5 
2.13996e-294 -2.15822e-294 2.5 
-2.14666e-294 2.16497e-294 -2.5 
2.14408e-294 -2.16237e-294 2.5 
-2.13757e-294 2.15581e-294 -2.5 
2.13775e-294 -2.15599e-294 2.5 
-2.16138e-294 2.17983e-294 -2.5 
2.15874e-294 -2.17716e-294 2.5 
-2.15219e-294 2.17055e-294 -2.5 
2.15242e-294 -2.17078e-294 2.5 
-2.15915e-294 2.17758e-294 -2.5 
2.15651e-294 -2.17492e-294 2.5 
-2.14997e-294 2.16831e-294 -2.5 
2.15019e-294 -2.16854e-294 2.5 
-2.15693e-294 2.17533e-294 -2.5 
2.15429e-294 -2.17267e-294 2.5 
-2.14775e-294 2.16608e-294 -2.5 
2.14798e-294 -2.16631e-294 2.5 
-2.1547e-294 2.17309e-294 -2.5 
2.15207e-294 -2.17043e-294 2.5 
-2.14554e-294 2.16385e-294 -2.5 
2.14576e-294 -2.16407e-294 2.5 
-2.15248e-294 2.17085e-294 -2.5 
2.14985e-294 -2.16819e-294 2.5 
-2.14332e-294 2.16161e-294 -2.5 
2.14355e-294 -2.16184e-294 2.5 
-2.15026e-294 2.16861e-294 -2.5 
2.14763e-294 -2.16595e-294 2.5 
-2.14111e-294 2.15938e-294 -2.5 
2.14134e-294 -2.15961e-294 2.5 
-2.14804e-294 2.16637e-294 -2.5 
2.14541e-294 -2.16372e-294 2.5 
-2.1389e-294 2.15715e-294 -2.5 
2.13913e-294 -2.15738e-294 2.5 
-2.14582e-294 2.16413e-294 -2.5 
2.1432e-294 -2.16148e-294 2.5 
-2.13669e-294 2.15493e-294 -2.5 
2.13692e-294 -2.15515e-294 2.5 
-2.16061e-294 2.17905e-294 -2.5 
2.15793e-294 -2.17635e-294 2.5 
-2.15138e-294 2.16974e-294 -2.5 
2.15165e-294 -2.17001e-294 2.5 
-2.15838e-294 2.1768e-294 -2.5 
2.15571e-294 -2.1741e-294 2.5 
-2.14916e-294 2.1675e-294 -2.5 
2.14942e-294 -2.16777e-294 2.5 
-2.15615e-294 2.17455e-294 -2.5 
2.15348e-294 -2.17186e-294 2.5 
-2.14695e-294 2.16527e-294 -2.5 
2.14721e-294 -2.16553e-294 2.5 
-2.15393e-294 2.17231e-294 -2.5 
2.15126e-294 -2.16962e-294 2.5 
-2.14473e-294 2.16303e-294 -2.5 
2.14499e-294 -2.1633e-294 2.5 
-2.15171e-294 2.17007e-294 -2.5 
2.14904e-294 -2.16738e-294 2.5 
-2.14252e-294 2.1608e-294 -2.5 
2.14278e-294 -2.16106e-294 2.5 
-2.14949e-294 2.16783e-294 -2.5 
2.14682e-294 -2.16514e-294 2.5 
-2.14031e-294 2.15857e-294 -2.5 
2.14057e-294 -2.15883e-294 2.5 
-2.14727e-294 2.16559e-294 -2.5 
2.14461e-294 -2.16291e-294 2.5 
-2.1381e-294 2.15634e-294 -2.5 
2.13836e-294 -2.1566e-294 2.5 
-2.14505e-294 2.16335e-294 -2.5 
2.14239e-294 -2.16067e-294 2.5 
-2.13589e-294 2.15412e-294 -2.5 
2.13615e-294 -2.15438e-294 2.5 
-2.1599e-294 2.17834e-294 -2.5 
2.15719e-294 -2.1756e-294 2.5 
-2.15064e-294 2.16899e-294 -2.5 
2.15094e-294 -2.1693e-294 2.5 
-2.15768e-294 2.17609e-294 -2.5 
2.15497e-294 -2.17336e-294 2.5 
-2.14843e-294 2.16676e-294 -2.5 
2.14873e-294 -2.16706e-294 2.5 
-2.15545e-294 2.17385e-294 -2.5 
2.15274e-294 -2.17111e-294 2.5 
-2.14621e-294 2.16453e-294 -2.5 
2.14651e-294 -2.16483e-294 2.5 
-2.15322e-294 2.1716e-294 -2.5 
2.15052e-294 -2.16887e-294 2.5 
-2.14399e-294 2.16229e-294 -2.5 
2.14429e-294 -2.16259e-294 2.5 
-2.151e-294 2.16935e-294 -2.5 
2.1483e-294 -2.16663e-294 2.5 
-2.14178e-294 2.16005e-294 -2.5 
2.14207e-294 -2.16035e-294 2.5 
-2.14877e-294 2.16711e-294 -2.5 
2.14608e-294 -2.16439e-294 2.5 
-2.13957e-294 2.15782e-294 -2.5 
2.13986e-294 -2.15812e-294 2.5 
-2.14656e-294 2.16488e-294 -2.5 
2.14386e-294 -2.16216e-294 2.5 
-2.13736e-294 2.1556e-294 -2.5 
2.13765e-294 -2.1559e-294 2.5 
-2.14434e-294 2.16264e-294 -2.5 
2.14165e-294 -2.15993e-294 2.5 
-2.13515e-294 2.15337e-294 -2.5 
2.13545e-294 -2.15367e-294 2.5 
-2.1593e-294 2.17773e-294 -2.5 
2.15653e-294 -2.17493e-294 2.5 
-2.14998e-294 2.16833e-294 -2.5 
2.15034e-294 -2.16869e-294 2.5 
-2.15708e-294 2.17549e-294 -2.5 
2.15431e-294 -2.1727e-294 2.5 
-2.14778e-294 2.1661e-294 -2.5 
2.14813e-294 -2.16646e-294 2.5 
-2.15485e-294 2.17324e-294 -2.5 
2.15209e-294 -2.17045e-294 2.5 
-2.14556e-294 2.16387e-294 -2.5 
2.14591e-294 -2.16423e-294 2.5 
-2.15261e-294 2.17098e-294 -2.5 
2.14985e-294 -2.1682e-294 2.5 
-2.14334e-294 2.16163e-294 -2.5 
2.14369e-294 -2.16198e-294 2.5 
-2.15038e-294 2.16873e-294 -2.5 
2.14763e-294 -2.16595e-294 2.5 
-2.14111e-294 2.15939e-294 -2.5 
2.14147e-294 -2.15974e-294 2.5 
-2.14816e-294 2.16649e-294 -2.5 
2.14541e-294 -2.16372e-294 2.5 
-2.1389e-294 2.15715e-294 -2.5 
2.13925e-294 -2.15751e-294 2.5 
-2.14595e-294 2.16426e-294 -2.5 
2.1432e-294 -2.16148e-294 2.5 
-2.13669e-294 2.15493e-294 -2.5 
2.13704e-294 -2.15528e-294 2.5 
-2.14373e-294 2.16203e-294 -2.5 
2.14099e-294 -2.15926e-294 2.5 
-2.13449e-294 2.15271e-294 -2.5 
2.13484e-294 -2.15306e-294 2.5 
-2.1585e-294 2.17692e-294 -2.5 
2.15597e-294 -2.17437e-294 2.5 
-2.14942e-294 2.16777e-294 -2.5 
2.14954e-294 -2.16789e-294 2.5 
-2.15628e-294 2.17468e-294 -2.5 
2.15376e-294 -2.17214e-294 2.5 
-2.14722e-294 2.16554e-294 -2.5 
2.14733e-294 -2.16565e-294 2.5 
-2.15405e-294 2.17243e-294 -2.5 
2.15153e-294 -2.16989e-294 2.5 
-2.14501e-294 2.16331e-294 -2.5 
2.14511e-294 -2.16342e-294 2.5 
-2.15181e-294 2.17017e-294 -2.5 
2.14929e-294 -2.16763e-294 2.5 
-2.14278e-294 2.16106e-294 -2.5 
2.14289e-294 -2.16117e-294 2.5 
-2.14958e-294 2.16792e-294 -2.5 
2.14706e-294 -2.16538e-294 2.5 
-2.14055e-294 2.15882e-294 -2.5 
2.14066e-294 -2.15893e-294 2.5 
-2.14736e-294 2.16569e-294 -2.5 
2.14484e-294 -2.16314e-294 2.5 
-2.13833e-294 2.15658e-294 -2.5 
2.13845e-294 -2.1567e-294 2.5 
-2.14515e-294 2.16345e-294 -2.5 
2.14263e-294 -2.16091e-294 2.5 
-2.13613e-294 2.15436e-294 -2.5 
2.13624e-294 -2.15447e-294 2.5 
-2.14293e-294 2.16121e-294 -2.5 
2.14043e-294 -2.15869e-294 2.5 
-2.13393e-294 2.15214e-294 -2.5 
2.13404e-294 -2.15225e-294 2.5 
-2.17143e-294 2.18996e-294 -2.5 
2.16908e-294 -2.18759e-294 2.5 
-2.16251e-294 2.18097e-294 -2.5 
2.16242e-294 -2.18087e-294 2.5 
-2.1692e-294 2.18771e-294 -2.5 
2.16685e-294 -2.18535e-294 2.5 
-2.16029e-294 2.17872e-294 -2.5 
2.16019e-294 -2.17862e-294 2.5 
-2.16695e-294 2.18545e-294 -2.5 
2.16461e-294 -2.18308e-294 2.5 
-2.15806e-294 2.17648e-294 -2.5 
2.15796e-294 -2.17637e-294 2.5 
-2.1647e-294 2.18317e-294 -2.5 
2.16235e-294 -2.1808e-294 2.5 
-2.15582e-294 2.17421e-294 -2.5 
2.15572e-294 -2.17411e-294 2.5 
-2.16245e-294 2.1809e-294 -2.5 
2.1601e-294 -2.17854e-294 2.5 
-2.15357e-294 2.17195e-294 -2.5 
2.15348e-294 -2.17185e-294 2.5 
-2.16022e-294 2.17865e-294 -2.5 
2.15787e-294 -2.17629e-294 2.5 
-2.15134e-294 2.1697e-294 -2.5 
2.15125e-294 -2.16961e-294 2.5 
-2.15799e-294 2.17641e-294 -2.5 
2.15565e-294 -2.17404e-294 2.5 
-2.14912e-294 2.16746e-294 -2.5 
2.14903e-294 -2.16737e-294 2.5 
-2.15576e-294 2.17415e-294 -2.5 
2.15342e-294 -2.1718e-294 2.5 
-2.14691e-294 2.16523e-294 -2.5 
2.14681e-294 -2.16513e-294 2.5 
-2.17043e-294 2.18895e-294 -2.5 
2.16784e-294 -2.18634e-294 2.5 
-2.16126e-294 2.1797e-294 -2.5 
2.16142e-294 -2.17987e-294 2.5 
-2.1682e-294 2.1867e-294 -2.5 
2.16561e-294 -2.18409e-294 2.5 
-2.15903e-294 2.17746e-294 -2.5 
2.15919e-294 -2.17762e-294 2.5 
-2.16596e-294 2.18444e-294 -2.5 
2.16337e-294 -2.18183e-294 2.5 
-2.15681e-294 2.17521e-294 -2.5 
2.15697e-294 -2.17537e-294 2.5 
-2.16372e-294 2.18218e-294 -2.5 
2.16113e-294 -2.17957e-294 2.5 
-2.15457e-294 2.17296e-294 -2.5 
2.15474e-294 -2.17312e-294 2.5 
-2.16148e-294 2.17993e-294 -2.5 
2.15889e-294 -2.17731e-294 2.5 
-2.15234e-294 2.17071e-294 -2.5 
2.15251e-294 -2.17088e-294 2.5 
-2.15925e-294 2.17768e-294 -2.5 
2.15666e-294 -2.17506e-294 2.5 
-2.15011e-294 2.16846e-294 -2.5 
2.15028e-294 -2.16863e-294 2.5 
-2.15702e-294 2.17543e-294 -2.5 
2.15443e-294 -2.17282e-294 2.5 
-2.1479e-294 2.16622e-294 -2.5 
2.14806e-294 -2.1664e-294 2.5 
-2.15479e-294 2.17318e-294 -2.5 
2.15221e-294 -2.17058e-294 2.5 
-2.14568e-294 2.16399e-294 -2.5 
2.14585e-294 -2.16416e-294 2.5 
-2.16949e-294 2.18801e-294 -2.5 
2.16689e-294 -2.18538e-294 2.5 
-2.16031e-294 2.17875e-294 -2.5 
2.16049e-294 -2.17893e-294 2.5 
-2.16726e-294 2.18575e-294 -2.5 
2.16466e-294 -2.18313e-294 2.5 
-2.15809e-294 2.1765e-294 -2.5 
2.15826e-294 -2.17668e-294 2.5 
-2.16502e-294 2.1835e-294 -2.5 
2.16243e-294 -2.18088e-294 2.5 
-2.15586e-294 2.17426e-294 -2.5 
2.15604e-294 -2.17444e-294 2.5 
-2.16279e-294 2.18124e-294 -2.5 
2.16019e-294 -2.17863e-294 2.5 
-2.15364e-294 2.17202e-294 -2.5 
2.15381e-294 -2.17219e-294 2.5 
-2.16056e-294 2.17899e-294 -2.5 
2.15796e-294 -2.17638e-294 2.5 
-2.15141e-294 2.16977e-294 -2.5 
2.15159e-294 -2.16995e-294 2.5 
-2.15833e-294 2.17674e-294 -2.5 
2.15574e-294 -2.17413e-294 2.5 
-2.14919e-294 2.16753e-294 -2.5 
2.14937e-294 -2.16771e-294 2.5 
-2.1561e-294 2.1745e-294 -2.5 
2.15351e-294 -2.17189e-294 2.5 
-2.14697e-294 2.16529e-294 -2.5 
2.14715e-294 -2.16547e-294 2.5 
-2.15387e-294 2.17225e-294 -2.5 
2.15129e-294 -2.16965e-294 2.5 
-2.14476e-294 2.16306e-294 -2.5 
2.14493e-294 -2.16324e-294 2.5 
-2.16864e-294 2.18715e-294 -2.5 
2.16601e-294 -2.18449e-294 2.5 
-2.15944e-294 2.17786e-294 -2.5 
2.15965e-294 -2.17808e-294 2.5 
-2.16641e-294 2.18489e-294 -2.5 
2.16378e-294 -2.18224e-294 2.5 
-2.15721e-294 2.17562e-294 -2.5 
2.15742e-294 -2.17583e-294 2.5 
-2.16417e-294 2.18264e-294 -2.5 
2.16155e-294 -2.17999e-294 2.5 
-2.15499e-294 2.17338e-294 -2.5 
2.15519e-294 -2.17358e-294 2.5 
-2.16194e-294 2.18039e-294 -2.5 
2.15932e-294 -2.17774e-294 2.5 
-2.15276e-294 2.17114e-294 -2.5 
2.15297e-294 -2.17134e-294 2.5 
-2.15971e-294 2.17814e-294 -2.5 
2.15709e-294 -2.1755e-294 2.5 
-2.15054e-294 2.1689e-294 -2.5 
2.15075e-294 -2.1691e-294 2.5 
-2.15748e-294 2.17589e-294 -2.5 
2.15486e-294 -2.17325e-294 2.5 
-2.14832e-294 2.16666e-294 -2.5 
2.14853e-294 -2.16687e-294 2.5 
-2.15525e-294 2.17364e-294 -2.5 
2.15264e-294 -2.17101e-294 2.5 
-2.14611e-294 2.16442e-294 -2.5 
2.14631e-294 -2.16463e-294 2.5 
-2.15302e-294 2.1714e-294 -2.5 
2.15042e-294 -2.16877e-294 2.5 
-2.14389e-294 2.16218e-294 -2.5 
2.14409e-294 -2.16239e-294 2.5 
-2.16787e-294 2.18637e-294 -2.5 
2.1652e-294 -2.18368e-294 2.5 
-2.15863e-294 2.17705e-294 -2.5 
2.15887e-294 -2.1773e-294 2.5 
-2.16563e-294 2.18411e-294 -2.5 
2.16297e-294 -2.18143e-294 2.5 
-2.15641e-294 2.17481e-294 -2.5 
2.15665e-294 -2.17505e-294 2.5 
-2.1634e-294 2.18186e-294 -2.5 
2.16074e-294 -2.17918e-294 2.5 
-2.15418e-294 2.17257e-294 -2.5 
2.15442e-294 -2.17281e-294 2.5 
-2.16116e-294 2.17961e-294 -2.5 
2.15851e-294 -2.17693e-294 2.5 
-2.15196e-294 2.17032e-294 -2.5 
2.1522e-294 -2.17056e-294 2.5 
-2.15893e-294 2.17736e-294 -2.5 
2.15628e-294 -2.17469e-294 2.5 
-2.14974e-294 2.16809e-294 -2.5 
2.14998e-294 -2.16832e-294 2.5 
-2.15671e-294 2.17511e-294 -2.5 
2.15406e-294 -2.17244e-294 2.5 
-2.14752e-294 2.16585e-294 -2.5 
2.14776e-294 -2.16608e-294 2.5 
-2.15448e-294 2.17286e-294 -2.5 
2.15183e-294 -2.1702e-294 2.5 
-2.1453e-294 2.16361e-294 -2.5 
2.14554e-294 -2.16385e-294 2.5 
-2.15225e-294 2.17062e-294 -2.5 
2.14961e-294 -2.16796e-294 2.5 
-2.14309e-294 2.16138e-294 -2.5 
2.14332e-294 -2.16161e-294 2.5 
-2.16715e-294 2.18565e-294 -2.5 
2.16446e-294 -2.18293e-294 2.5 
-2.15789e-294 2.1763e-294 -2.5 
2.15816e-294 -2.17658e-294 2.5 
-2.16492e-294 2.1834e-294 -2.5 
2.16223e-294 -2.18068e-294 2.5 
-2.15566e-294 2.17406e-294 -2.5 
2.15594e-294 -2.17434e-294 2.5 
-2.16269e-294 2.18114e-294 -2.5 
2.16e-294 -2.17843e-294 2.5 
-2.15344e-294 2.17182e-294 -2.5 
2.15372e-294 -2.1721e-294 2.5 
-2.16044e-294 2.17888e-294 -2.5 
2.15776e-294 -2.17618e-294 2.5 
-2.15122e-294 2.16957e-294 -2.5 
2.15149e-294 -2.16985e-294 2.5 
-2.15821e-294 2.17663e-294 -2.5 
2.15553e-294 -2.17393e-294 2.5 
-2.14899e-294 2.16733e-294 -2.5 
2.14926e-294 -2.1676e-294 2.5 
-2.15598e-294 2.17438e-294 -2.5 
2.15331e-294 -2.17169e-294 2.5 
-2.14677e-294 2.16509e-294 -2.5 
2.14704e-294 -2.16536e-294 2.5 
-2.15376e-294 2.17214e-294 -2.5 
2.15109e-294 -2.16944e-294 2.5 
-2.14456e-294 2.16286e-294 -2.5 
2.14482e-294 -2.16313e-294 2.5 
-2.15154e-294 2.1699e-294 -2.5 
2.14887e-294 -2.16721e-294 2.5 
-2.14234e-294 2.16063e-294 -2.5 
2.14261e-294 -2.1609e-294 2.5 
-2.16654e-294 2.18503e-294 -2.5 
2.16378e-294 -2.18225e-294 2.5 
-2.15721e-294 2.17562e-294 -2.5 
2.15754e-294 -2.17596e-294 2.5 
-2.16432e-294 2.18279e-294 -2.5 
2.16156e-294 -2.18e-294 2.5 
-2.155e-294 2.17339e-294 -2.5 
2.15534e-294 -2.17373e-294 2.5 
-2.16207e-294 2.18052e-294 -2.5 
2.15932e-294 -2.17775e-294 2.5 
-2.15278e-294 2.17115e-294 -2.5 
2.15311e-294 -2.17149e-294 2.5 
-2.15982e-294 2.17825e-294 -2.5 
2.15708e-294 -2.17549e-294 2.5 
-2.15054e-294 2.1689e-294 -2.5 
2.15088e-294 -2.16923e-294 2.5 
-2.15758e-294 2.17599e-294 -2.5 
2.15484e-294 -2.17323e-294 2.5 
-2.14831e-294 2.16664e-294 -2.5 
2.14864e-294 -2.16697e-294 2.5 
-2.15535e-294 2.17374e-294 -2.5 
2.15262e-294 -2.17099e-294 2.5 
-2.14609e-294 2.1644e-294 -2.5 
2.14641e-294 -2.16473e-294 2.5 
-2.15313e-294 2.1715e-294 -2.5 
2.1504e-294 -2.16875e-294 2.5 
-2.14388e-294 2.16217e-294 -2.5 
2.1442e-294 -2.1625e-294 2.5 
-2.15092e-294 2.16927e-294 -2.5 
2.14819e-294 -2.16652e-294 2.5 
-2.14167e-294 2.15994e-294 -2.5 
2.14199e-294 -2.16027e-294 2.5 
-2.16575e-294 2.18423e-294 -2.5 
2.1632e-294 -2.18166e-294 2.5 
-2.15663e-294 2.17503e-294 -2.5 
2.15676e-294 -2.17517e-294 2.5 
-2.16353e-294 2.18199e-294 -2.5 
2.16098e-294 -2.17942e-294 2.5 
-2.15442e-294 2.17281e-294 -2.5 
2.15455e-294 -2.17293e-294 2.5 
-2.16129e-294 2.17973e-294 -2.5 
2.15874e-294 -2.17716e-294 2.5 
-2.1522e-294 2.17057e-294 -2.5 
2.15232e-294 -2.17069e-294 2.5 
-2.15903e-294 2.17745e-294 -2.5 
2.15649e-294 -2.17489e-294 2.5 
-2.14996e-294 2.16831e-294 -2.5 
2.15008e-294 -2.16843e-294 2.5 
-2.15678e-294 2.17519e-294 -2.5 
2.15425e-294 -2.17263e-294 2.5 
-2.14773e-294 2.16605e-294 -2.5 
2.14784e-294 -2.16617e-294 2.5 
-2.15456e-294 2.17294e-294 -2.5 
2.15202e-294 -2.17039e-294 2.5 
-2.1455e-294 2.16381e-294 -2.5 
2.14562e-294 -2.16393e-294 2.5 
-2.15234e-294 2.1707e-294 -2.5 
2.14981e-294 -2.16815e-294 2.5 
-2.14329e-294 2.16158e-294 -2.5 
2.14341e-294 -2.1617e-294 2.5 
-2.15012e-294 2.16847e-294 -2.5 
2.1476e-294 -2.16593e-294 2.5 
-2.14108e-294 2.15936e-294 -2.5 
2.1412e-294 -2.15947e-294 2.5 
-2.16404e-294 2.18251e-294 -2.5 
2.16173e-294 -2.18018e-294 2.5 
-2.15519e-294 2.17358e-294 -2.5 
2.15507e-294 -2.17346e-294 2.5 
-2.16182e-294 2.18027e-294 -2.5 
2.15951e-294 -2.17794e-294 2.5 
-2.15297e-294 2.17135e-294 -2.5 
2.15285e-294 -2.17123e-294 2.5 
-2.15959e-294 2.17802e-294 -2.5 
2.15728e-294 -2.17569e-294 2.5 
-2.15076e-294 2.16911e-294 -2.5 
2.15064e-294 -2.16899e-294 2.5 
-2.15734e-294 2.17575e-294 -2.5 
2.15504e-294 -2.17343e-294 2.5 
-2.14853e-294 2.16686e-294 -2.5 
2.14841e-294 -2.16674e-294 2.5 
-2.15511e-294 2.1735e-294 -2.5 
2.15281e-294 -2.17118e-294 2.5 
-2.1463e-294 2.16462e-294 -2.5 
2.14618e-294 -2.16449e-294 2.5 
-2.15288e-294 2.17125e-294 -2.5 
2.15058e-294 -2.16894e-294 2.5 
-2.14408e-294 2.16238e-294 -2.5 
2.14396e-294 -2.16225e-294 2.5 
-2.15066e-294 2.16901e-294 -2.5 
2.14836e-294 -2.1667e-294 2.5 
-2.14187e-294 2.16015e-294 -2.5 
2.14174e-294 -2.16002e-294 2.5 
-2.14844e-294 2.16677e-294 -2.5 
2.14614e-294 -2.16446e-294 2.5 
-2.13966e-294 2.15792e-294 -2.5 
2.13953e-294 -2.15779e-294 2.5 
-2.1631e-294 2.18156e-294 -2.5 
2.16052e-294 -2.17896e-294 2.5 
-2.15396e-294 2.17234e-294 -2.5 
2.15412e-294 -2.17251e-294 2.5 
-2.16087e-294 2.17931e-294 -2.5 
2.1583e-294 -2.17672e-294 2.5 
-2.15175e-294 2.17011e-294 -2.5 
2.1519e-294 -2.17027e-294 2.5 
-2.15864e-294 2.17706e-294 -2.5 
2.15607e-294 -2.17447e-294 2.5 
-2.14953e-294 2.16788e-294 -2.5 
2.14969e-294 -2.16803e-294 2.5 
-2.15641e-294 2.17481e-294 -2.5 
2.15384e-294 -2.17222e-294 2.5 
-2.14731e-294 2.16563e-294 -2.5 
2.14746e-294 -2.16579e-294 2.5 
-2.15418e-294 2.17256e-294 -2.5 
2.15161e-294 -2.16997e-294 2.5 
-2.14509e-294 2.16339e-294 -2.5 
2.14524e-294 -2.16355e-294 2.5 
-2.15196e-294 2.17032e-294 -2.5 
2.14939e-294 -2.16773e-294 2.5 
-2.14287e-294 2.16116e-294 -2.5 
2.14303e-294 -2.16132e-294 2.5 
-2.14973e-294 2.16808e-294 -2.5 
2.14717e-294 -2.16549e-294 2.5 
-2.14066e-294 2.15893e-294 -2.5 
2.14082e-294 -2.15908e-294 2.5 
-2.14751e-294 2.16584e-294 -2.5 
2.14495e-294 -2.16326e-294 2.5 
-2.13845e-294 2.1567e-294 -2.5 
2.1386e-294 -2.15685e-294 2.5 
-2.1622e-294 2.18065e-294 -2.5 
2.15962e-294 -2.17805e-294 2.5 
-2.15306e-294 2.17143e-294 -2.5 
2.15323e-294 -2.17161e-294 2.5 
-2.15997e-294 2.17841e-294 -2.5 
2.15739e-294 -2.1758e-294 2.5 
-2.15084e-294 2.1692e-294 -2.5 
2.15101e-294 -2.16937e-294 2.5 
-2.15775e-294 2.17616e-294 -2.5 
2.15517e-294 -2.17356e-294 2.5 
-2.14863e-294 2.16696e-294 -2.5 
2.14879e-294 -2.16713e-294 2.5 
-2.15552e-294 2.17391e-294 -2.5 
2.15294e-294 -2.17132e-294 2.5 
-2.14641e-294 2.16473e-294 -2.5 
2.14658e-294 -2.16489e-294 2.5 
-2.1533e-294 2.17167e-294 -2.5 
2.15072e-294 -2.16908e-294 2.5 
-2.1442e-294 2.16249e-294 -2.5 
2.14436e-294 -2.16266e-294 2.5 
-2.15107e-294 2.16943e-294 -2.5 
2.1485e-294 -2.16684e-294 2.5 
-2.14198e-294 2.16026e-294 -2.5 
2.14215e-294 -2.16043e-294 2.5 
-2.14885e-294 2.16719e-294 -2.5 
2.14628e-294 -2.1646e-294 2.5 
-2.13977e-294 2.15803e-294 -2.5 
2.13994e-294 -2.1582e-294 2.5 
-2.14663e-294 2.16495e-294 -2.5 
2.14407e-294 -2.16236e-294 2.5 
-2.13756e-294 2.1558e-294 -2.5 
2.13772e-294 -2.15597e-294 2.5 
-2.16137e-294 2.17981e-294 -2.5 
2.15876e-294 -2.17719e-294 2.5 
-2.15221e-294 2.17058e-294 -2.5 
2.1524e-294 -2.17077e-294 2.5 
-2.15914e-294 2.17756e-294 -2.5 
2.15654e-294 -2.17494e-294 2.5 
-2.14999e-294 2.16834e-294 -2.5 
2.15018e-294 -2.16853e-294 2.5 
-2.15691e-294 2.17532e-294 -2.5 
2.15432e-294 -2.1727e-294 2.5 
-2.14778e-294 2.16611e-294 -2.5 
2.14796e-294 -2.16629e-294 2.5 
-2.15469e-294 2.17308e-294 -2.5 
2.15209e-294 -2.17046e-294 2.5 
-2.14556e-294 2.16387e-294 -2.5 
2.14575e-294 -2.16406e-294 2.5 
-2.15247e-294 2.17083e-294 -2.5 
2.14987e-294 -2.16822e-294 2.5 
-2.14335e-294 2.16164e-294 -2.5 
2.14353e-294 -2.16183e-294 2.5 
-2.15024e-294 2.16859e-294 -2.5 
2.14765e-294 -2.16598e-294 2.5 
-2.14114e-294 2.15941e-294 -2.5 
2.14132e-294 -2.1596e-294 2.5 
-2.14802e-294 2.16635e-294 -2.5 
2.14544e-294 -2.16374e-294 2.5 
-2.13893e-294 2.15718e-294 -2.5 
2.13911e-294 -2.15737e-294 2.5 
-2.1458e-294 2.16411e-294 -2.5 
2.14322e-294 -2.16151e-294 2.5 
-2.13672e-294 2.15495e-294 -2.5 
2.1369e-294 -2.15514e-294 2.5 
-2.16059e-294 2.17903e-294 -2.5 
2.15796e-294 -2.17638e-294 2.5 
-2.15141e-294 2.16977e-294 -2.5 
2.15163e-294 -2.16999e-294 2.5 
-2.15837e-294 2.17679e-294 -2.5 
2.15574e-294 -2.17414e-294 2.5 
-2.1492e-294 2.16754e-294 -2.5 
2.14941e-294 -2.16775e-294 2.5 
-2.15614e-294 2.17454e-294 -2.5 
2.15352e-294 -2.17189e-294 2.5 
-2.14698e-294 2.1653e-294 -2.5 
2.14719e-294 -2.16552e-294 2.5 
-2.15391e-294 2.1723e-294 -2.5 
2.1513e-294 -2.16966e-294 2.5 
-2.14477e-294 2.16307e-294 -2.5 
2.14498e-294 -2.16328e-294 2.5 
-2.15169e-294 2.17005e-294 -2.5 
2.14908e-294 -2.16742e-294 2.5 
-2.14255e-294 2.16084e-294 -2.5 
2.14276e-294 -2.16105e-294 2.5 
-2.14947e-294 2.16781e-294 -2.5 
2.14686e-294 -2.16518e-294 2.5 
-2.14034e-294 2.15861e-294 -2.5 
2.14055e-294 -2.15882e-294 2.5 
-2.14725e-294 2.16557e-294 -2.5 
2.14464e-294 -2.16294e-294 2.5 
-2.13813e-294 2.15638e-294 -2.5 
2.13834e-294 -2.15659e-294 2.5 
-2.14503e-294 2.16334e-294 -2.5 
2.14243e-294 -2.16071e-294 2.5 
-2.13592e-294 2.15415e-294 -2.5 
2.13613e-294 -2.15436e-294 2.5 
-2.15988e-294 2.17831e-294 -2.5 
2.15722e-294 -2.17563e-294 2.5 
-2.15067e-294 2.16902e-294 -2.5 
2.15092e-294 -2.16927e-294 2.5 
-2.15766e-294 2.17607e-294 -2.5 
2.155e-294 -2.17339e-294 2.5 
-2.14846e-294 2.16679e-294 -2.5 
2.1487e-294 -2.16704e-294 2.5 
-2.15543e-294 2.17382e-294 -2.5 
2.15277e-294 -2.17115e-294 2.5 
-2.14624e-294 2.16456e-294 -2.5 
2.14649e-294 -2.1648e-294 2.5 
-2.1532e-294 2.17157e-294 -2.5 
2.15055e-294 -2.1689e-294 2.5 
-2.14403e-294 2.16232e-294 -2.5 
2.14427e-294 -2.16257e-294 2.5 
-2.15097e-294 2.16933e-294 -2.5 
2.14833e-294 -2.16666e-294 2.5 
-2.14181e-294 2.16009e-294 -2.5 
2.14205e-294 -2.16033e-294 2.5 
-2.14875e-294 2.16709e-294 -2.5 
2.14611e-294 -2.16443e-294 2.5 
-2.1396e-294 2.15786e-294 -2.5 
2.13984e-294 -2.1581e-294 2.5 
-2.14653e-294 2.16485e-294 -2.5 
2.1439e-294 -2.16219e-294 2.5 
-2.13739e-294 2.15563e-294 -2.5 
2.13763e-294 -2.15587e-294 2.5 
-2.14432e-294 2.16262e-294 -2.5 
2.14168e-294 -2.15996e-294 2.5 
-2.13518e-294 2.1534e-294 -2.5 
2.13542e-294 -2.15364e-294 2.5 
-2.15924e-294 2.17767e-294 -2.5 
2.15654e-294 -2.17494e-294 2.5 
-2.14998e-294 2.16833e-294 -2.5 
2.15028e-294 -2.16863e-294 2.5 
-2.15702e-294 2.17543e-294 -2.5 
2.15432e-294 -2.1727e-294 2.5 
-2.14778e-294 2.16611e-294 -2.5 
2.14807e-294 -2.1664e-294 2.5 
-2.15479e-294 2.17318e-294 -2.5 
2.15209e-294 -2.17046e-294 2.5 
-2.14556e-294 2.16387e-294 -2.5 
2.14586e-294 -2.16417e-294 2.5 
-2.15255e-294 2.17092e-294 -2.5 
2.14986e-294 -2.16821e-294 2.5 
-2.14334e-294 2.16164e-294 -2.5 
2.14363e-294 -2.16193e-294 2.5 
-2.15032e-294 2.16867e-294 -2.5 
2.14764e-294 -2.16597e-294 2.5 
-2.14113e-294 2.1594e-294 -2.5 
2.14141e-294 -2.15968e-294 2.5 
-2.1481e-294 2.16643e-294 -2.5 
2.14542e-294 -2.16373e-294 2.5 
-2.13891e-294 2.15717e-294 -2.5 
2.13919e-294 -2.15745e-294 2.5 
-2.14588e-294 2.1642e-294 -2.5 
2.14321e-294 -2.1615e-294 2.5 
-2.13671e-294 2.15494e-294 -2.5 
2.13699e-294 -2.15522e-294 2.5 
-2.14368e-294 2.16197e-294 -2.5 
2.141e-294 -2.15927e-294 2.5 
-2.1345e-294 2.15272e-294 -2.5 
2.13478e-294 -2.153e-294 2.5 
-2.1584e-294 2.17682e-294 -2.5 
2.15591e-294 -2.17431e-294 2.5 
-2.14937e-294 2.16771e-294 -2.5 
2.14945e-294 -2.16779e-294 2.5 
-2.15619e-294 2.17459e-294 -2.5 
2.1537e-294 -2.17208e-294 2.5 
-2.14717e-294 2.16549e-294 -2.5 
2.14724e-294 -2.16557e-294 2.5 
-2.15395e-294 2.17234e-294 -2.5 
2.15148e-294 -2.16984e-294 2.5 
-2.14496e-294 2.16326e-294 -2.5 
2.14503e-294 -2.16334e-294 2.5 
-2.15171e-294 2.17007e-294 -2.5 
2.14924e-294 -2.16758e-294 2.5 
-2.14273e-294 2.16102e-294 -2.5 
2.1428e-294 -2.16109e-294 2.5 
-2.14948e-294 2.16782e-294 -2.5 
2.14702e-294 -2.16534e-294 2.5 
-2.14051e-294 2.15878e-294 -2.5 
2.14058e-294 -2.15884e-294 2.5 
-2.14726e-294 2.16558e-294 -2.5 
2.1448e-294 -2.1631e-294 2.5 
-2.1383e-294 2.15654e-294 -2.5 
2.13836e-294 -2.15661e-294 2.5 
-2.14504e-294 2.16335e-294 -2.5 
2.14259e-294 -2.16087e-294 2.5 
-2.13609e-294 2.15432e-294 -2.5 
2.13615e-294 -2.15438e-294 2.5 
-2.14283e-294 2.16112e-294 -2.5 
2.14038e-294 -2.15865e-294 2.5 
-2.13389e-294 2.1521e-294 -2.5 
2.13395e-294 -2.15216e-294 2.5 
-2.17134e-294 2.18987e-294 -2.5 
2.16905e-294 -2.18756e-294 2.5 
-2.16248e-294 2.18094e-294 -2.5 
2.16233e-294 -2.18078e-294 2.5 
-2.16911e-294 2.18762e-294 -2.5 
2.16683e-294 -2.18532e-294 2.5 
-2.16027e-294 2.1787e-294 -2.5 
2.16011e-294 -2.17855e-294 2.5 
-2.16687e-294 2.18537e-294 -2.5 
2.1646e-294 -2.18307e-294 2.5 
-2.15805e-294 2.17647e-294 -2.5 
2.15789e-294 -2.17631e-294 2.5 
-2.16463e-294 2.1831e-294 -2.5 
2.16237e-294 -2.18082e-294 2.5 
-2.15582e-294 2.17422e-294 -2.5 
2.15566e-294 -2.17406e-294 2.5 
-2.16239e-294 2.18085e-294 -2.5 
2.16013e-294 -2.17857e-294 2.5 
-2.1536e-294 2.17197e-294 -2.5 
2.15343e-294 -2.17181e-294 2.5 
-2.16016e-294 2.1786e-294 -2.5 
2.1579e-294 -2.17632e-294 2.5 
-2.15137e-294 2.16973e-294 -2.5 
2.15121e-294 -2.16956e-294 2.5 
-2.15793e-294 2.17634e-294 -2.5 
2.15567e-294 -2.17407e-294 2.5 
-2.14915e-294 2.16749e-294 -2.5 
2.14898e-294 -2.16732e-294 2.5 
-2.15569e-294 2.17409e-294 -2.5 
2.15343e-294 -2.1718e-294 2.5 
-2.14692e-294 2.16524e-294 -2.5 
2.14676e-294 -2.16508e-294 2.5 
-2.17042e-294 2.18894e-294 -2.5 
2.16785e-294 -2.18635e-294 2.5 
-2.16126e-294 2.17971e-294 -2.5 
2.16141e-294 -2.17986e-294 2.5 
-2.16819e-294 2.18669e-294 -2.5 
2.16563e-294 -2.18411e-294 2.5 
-2.15905e-294 2.17747e-294 -2.5 
2.15919e-294 -2.17761e-294 2.5 
-2.16595e-294 2.18444e-294 -2.5 
2.1634e-294 -2.18186e-294 2.5 
-2.15683e-294 2.17524e-294 -2.5 
2.15697e-294 -2.17537e-294 2.5 
-2.16372e-294 2.18218e-294 -2.5 
2.16117e-294 -2.17961e-294 2.5 
-2.15461e-294 2.173e-294 -2.5 
2.15474e-294 -2.17313e-294 2.5 
-2.16148e-294 2.17993e-294 -2.5 
2.15894e-294 -2.17736e-294 2.5 
-2.15239e-294 2.17075e-294 -2.5 
2.15252e-294 -2.17088e-294 2.5 
-2.15925e-294 2.17768e-294 -2.5 
2.15671e-294 -2.17511e-294 2.5 
-2.15016e-294 2.16851e-294 -2.5 
2.15029e-294 -2.16864e-294 2.5 
-2.15702e-294 2.17543e-294 -2.5 
2.15448e-294 -2.17286e-294 2.5 
-2.14794e-294 2.16627e-294 -2.5 
2.14807e-294 -2.1664e-294 2.5 
-2.15478e-294 2.17317e-294 -2.5 
2.15224e-294 -2.17061e-294 2.5 
-2.14572e-294 2.16403e-294 -2.5 
2.14585e-294 -2.16416e-294 2.5 
-2.16955e-294 2.18806e-294 -2.5 
2.16698e-294 -2.18547e-294 2.5 
-2.1604e-294 2.17883e-294 -2.5 
2.16055e-294 -2.17899e-294 2.5 
-2.16731e-294 2.18581e-294 -2.5 
2.16475e-294 -2.18322e-294 2.5 
-2.15817e-294 2.17659e-294 -2.5 
2.15832e-294 -2.17674e-294 2.5 
-2.16508e-294 2.18356e-294 -2.5 
2.16252e-294 -2.18097e-294 2.5 
-2.15595e-294 2.17435e-294 -2.5 
2.1561e-294 -2.1745e-294 2.5 
-2.16285e-294 2.18131e-294 -2.5 
2.16029e-294 -2.17872e-294 2.5 
-2.15373e-294 2.17211e-294 -2.5 
2.15387e-294 -2.17225e-294 2.5 
-2.16062e-294 2.17906e-294 -2.5 
2.15806e-294 -2.17648e-294 2.5 
-2.15151e-294 2.16987e-294 -2.5 
2.15165e-294 -2.17001e-294 2.5 
-2.15839e-294 2.17681e-294 -2.5 
2.15583e-294 -2.17423e-294 2.5 
-2.14929e-294 2.16763e-294 -2.5 
2.14943e-294 -2.16777e-294 2.5 
-2.15616e-294 2.17456e-294 -2.5 
2.1536e-294 -2.17198e-294 2.5 
-2.14707e-294 2.16539e-294 -2.5 
2.14721e-294 -2.16554e-294 2.5 
-2.15392e-294 2.1723e-294 -2.5 
2.15137e-294 -2.16973e-294 2.5 
-2.14485e-294 2.16315e-294 -2.5 
2.14499e-294 -2.1633e-294 2.5 
-2.16873e-294 2.18723e-294 -2.5 
2.16614e-294 -2.18462e-294 2.5 
-2.15956e-294 2.17799e-294 -2.5 
2.15973e-294 -2.17816e-294 2.5 
-2.16649e-294 2.18498e-294 -2.5 
2.16391e-294 -2.18237e-294 2.5 
-2.15734e-294 2.17575e-294 -2.5 
2.1575e-294 -2.17591e-294 2.5 
-2.16426e-294 2.18273e-294 -2.5 
2.16168e-294 -2.18013e-294 2.5 
-2.15511e-294 2.17351e-294 -2.5 
2.15528e-294 -2.17367e-294 2.5 
-2.16203e-294 2.18048e-294 -2.5 
2.15945e-294 -2.17788e-294 2.5 
-2.15289e-294 2.17127e-294 -2.5 
2.15305e-294 -2.17143e-294 2.5 
-2.1598e-294 2.17823e-294 -2.5 
2.15722e-294 -2.17563e-294 2.5 
-2.15067e-294 2.16903e-294 -2.5 
2.15083e-294 -2.16919e-294 2.5 
-2.15757e-294 2.17598e-294 -2.5 
2.155e-294 -2.17339e-294 2.5 
-2.14846e-294 2.16679e-294 -2.5 
2.14861e-294 -2.16695e-294 2.5 
-2.15534e-294 2.17373e-294 -2.5 
2.15277e-294 -2.17114e-294 2.5 
-2.14624e-294 2.16455e-294 -2.5 
2.1464e-294 -2.16471e-294 2.5 
-2.15311e-294 2.17148e-294 -2.5 
2.15054e-294 -2.16889e-294 2.5 
-2.14402e-294 2.16231e-294 -2.5 
2.14418e-294 -2.16247e-294 2.5 
-2.16795e-294 2.18645e-294 -2.5 
2.16534e-294 -2.18382e-294 2.5 
-2.15877e-294 2.17719e-294 -2.5 
2.15896e-294 -2.17738e-294 2.5 
-2.16572e-294 2.1842e-294 -2.5 
2.16311e-294 -2.18157e-294 2.5 
-2.15654e-294 2.17495e-294 -2.5 
2.15673e-294 -2.17513e-294 2.5 
-2.16349e-294 2.18195e-294 -2.5 
2.16088e-294 -2.17932e-294 2.5 
-2.15432e-294 2.17271e-294 -2.5 
2.15451e-294 -2.17289e-294 2.5 
-2.16125e-294 2.1797e-294 -2.5 
2.15866e-294 -2.17708e-294 2.5 
-2.1521e-294 2.17047e-294 -2.5 
2.15229e-294 -2.17065e-294 2.5 
-2.15902e-294 2.17745e-294 -2.5 
2.15643e-294 -2.17483e-294 2.5 
-2.14988e-294 2.16823e-294 -2.5 
2.15006e-294 -2.16841e-294 2.5 
-2.1568e-294 2.1752e-294 -2.5 
2.1542e-294 -2.17259e-294 2.5 
-2.14766e-294 2.16599e-294 -2.5 
2.14785e-294 -2.16618e-294 2.5 
-2.15457e-294 2.17295e-294 -2.5 
2.15198e-294 -2.17034e-294 2.5 
-2.14545e-294 2.16376e-294 -2.5 
2.14563e-294 -2.16394e-294 2.5 
-2.15234e-294 2.17071e-294 -2.5 
2.14975e-294 -2.1681e-294 2.5 
-2.14323e-294 2.16152e-294 -2.5 
2.14341e-294 -2.1617e-294 2.5 
-2.16723e-294 2.18572e-294 -2.5 
2.16459e-294 -2.18307e-294 2.5 
-2.15802e-294 2.17644e-294 -2.5 
2.15824e-294 -2.17665e-294 2.5 
-2.165e-294 2.18347e-294 -2.5 
2.16236e-294 -2.18082e-294 2.5 
-2.1558e-294 2.1742e-294 -2.5 
2.15601e-294 -2.17441e-294 2.5 
-2.16277e-294 2.18122e-294 -2.5 
2.16014e-294 -2.17857e-294 2.5 
-2.15358e-294 2.17196e-294 -2.5 
2.15379e-294 -2.17217e-294 2.5 
-2.16053e-294 2.17897e-294 -2.5 
2.15791e-294 -2.17632e-294 2.5 
-2.15136e-294 2.16972e-294 -2.5 
2.15157e-294 -2.16993e-294 2.5 
-2.1583e-294 2.17672e-294 -2.5 
2.15568e-294 -2.17408e-294 2.5 
-2.14914e-294 2.16748e-294 -2.5 
2.14935e-294 -2.16769e-294 2.5 
-2.15607e-294 2.17447e-294 -2.5 
2.15346e-294 -2.17183e-294 2.5 
-2.14692e-294 2.16524e-294 -2.5 
2.14713e-294 -2.16545e-294 2.5 
-2.15385e-294 2.17223e-294 -2.5 
2.15123e-294 -2.16959e-294 2.5 
-2.1447e-294 2.16301e-294 -2.5 
2.14491e-294 -2.16321e-294 2.5 
-2.15162e-294 2.16998e-294 -2.5 
2.14901e-294 -2.16735e-294 2.5 
-2.14249e-294 2.16077e-294 -2.5 
2.14269e-294 -2.16098e-294 2.5 
-2.16656e-294 2.18505e-294 -2.5 
2.16389e-294 -2.18236e-294 2.5 
-2.15732e-294 2.17573e-294 -2.5 
2.15757e-294 -2.17598e-294 2.5 
-2.16434e-294 2.18281e-294 -2.5 
2.16167e-294 -2.18012e-294 2.5 
-2.1551e-294 2.17349e-294 -2.5 
2.15536e-294 -2.17375e-294 2.5 
-2.16211e-294 2.18056e-294 -2.5 
2.15944e-294 -2.17787e-294 2.5 
-2.15289e-294 2.17126e-294 -2.5 
2.15314e-294 -2.17151e-294 2.5 
-2.15987e-294 2.1783e-294 -2.5 
2.15721e-294 -2.17562e-294 2.5 
-2.15066e-294 2.16902e-294 -2.5 
2.15091e-294 -2.16927e-294 2.5 
-2.15764e-294 2.17605e-294 -2.5 
2.15498e-294 -2.17337e-294 2.5 
-2.14844e-294 2.16678e-294 -2.5 
2.14869e-294 -2.16702e-294 2.5 
-2.15541e-294 2.1738e-294 -2.5 
2.15276e-294 -2.17113e-294 2.5 
-2.14623e-294 2.16454e-294 -2.5 
2.14647e-294 -2.16478e-294 2.5 
-2.15318e-294 2.17156e-294 -2.5 
2.15054e-294 -2.16889e-294 2.5 
-2.14401e-294 2.16231e-294 -2.5 
2.14425e-294 -2.16255e-294 2.5 
-2.15096e-294 2.16931e-294 -2.5 
2.14831e-294 -2.16665e-294 2.5 
-2.14179e-294 2.16007e-294 -2.5 
2.14204e-294 -2.16031e-294 2.5 
-2.16568e-294 2.18416e-294 -2.5 
2.16324e-294 -2.1817e-294 2.5 
-2.15667e-294 2.17507e-294 -2.5 
2.1567e-294 -2.1751e-294 2.5 
-2.16346e-294 2.18192e-294 -2.5 
2.16102e-294 -2.17946e-294 2.5 
-2.15446e-294 2.17284e-294 -2.5 
2.15449e-294 -2.17287e-294 2.5 
-2.16123e-294 2.17967e-294 -2.5 
2.1588e-294 -2.17722e-294 2.5 
-2.15224e-294 2.17061e-294 -2.5 
2.15227e-294 -2.17064e-294 2.5 
-2.15899e-294 2.17741e-294 -2.5 
2.15657e-294 -2.17497e-294 2.5 
-2.15002e-294 2.16837e-294 -2.5 
2.15004e-294 -2.16839e-294 2.5 
-2.15676e-294 2.17516e-294 -2.5 
2.15434e-294 -2.17272e-294 2.5 
-2.1478e-294 2.16613e-294 -2.5 
2.14782e-294 -2.16615e-294 2.5 
-2.15453e-294 2.17291e-294 -2.5 
2.15211e-294 -2.17048e-294 2.5 
-2.14558e-294 2.16389e-294 -2.5 
2.1456e-294 -2.16391e-294 2.5 
-2.1523e-294 2.17067e-294 -2.5 
2.14989e-294 -2.16824e-294 2.5 
-2.14337e-294 2.16166e-294 -2.5 
2.14338e-294 -2.16167e-294 2.5 
-2.15008e-294 2.16842e-294 -2.5 
2.14766e-294 -2.16599e-294 2.5 
-2.14115e-294 2.15942e-294 -2.5 
2.14117e-294 -2.15944e-294 2.5 
-2.16409e-294 2.18256e-294 -2.5 
2.1618e-294 -2.18024e-294 2.5 
-2.15506e-294 2.17345e-294 -2.5 
2.15508e-294 -2.17348e-294 2.5 
-2.16189e-294 2.18034e-294 -2.5 
2.15961e-294 -2.17804e-294 2.5 
-2.15306e-294 2.17143e-294 -2.5 
2.15291e-294 -2.17128e-294 2.5 
-2.15967e-294 2.1781e-294 -2.5 
2.15739e-294 -2.1758e-294 2.5 
-2.15086e-294 2.16921e-294 -2.5 
2.15071e-294 -2.16906e-294 2.5 
-2.15744e-294 2.17585e-294 -2.5 
2.15517e-294 -2.17356e-294 2.5 
-2.14864e-294 2.16698e-294 -2.5 
2.14849e-294 -2.16683e-294 2.5 
-2.15521e-294 2.17361e-294 -2.5 
2.15295e-294 -2.17132e-294 2.5 
-2.14643e-294 2.16474e-294 -2.5 
2.14628e-294 -2.16459e-294 2.5 
-2.15299e-294 2.17136e-294 -2.5 
2.15073e-294 -2.16908e-294 2.5 
-2.14421e-294 2.16251e-294 -2.5 
2.14406e-294 -2.16236e-294 2.5 
-2.15076e-294 2.16912e-294 -2.5 
2.1485e-294 -2.16683e-294 2.5 
-2.142e-294 2.16028e-294 -2.5 
2.14184e-294 -2.16012e-294 2.5 
-2.14851e-294 2.16685e-294 -2.5 
2.14623e-294 -2.16454e-294 2.5 
-2.13977e-294 2.15803e-294 -2.5 
2.13962e-294 -2.15788e-294 2.5 
-2.16322e-294 2.18168e-294 -2.5 
2.16068e-294 -2.17912e-294 2.5 
-2.1541e-294 2.17249e-294 -2.5 
2.15424e-294 -2.17262e-294 2.5 
-2.161e-294 2.17944e-294 -2.5 
2.15848e-294 -2.1769e-294 2.5 
-2.15191e-294 2.17028e-294 -2.5 
2.15202e-294 -2.17039e-294 2.5 
-2.15878e-294 2.1772e-294 -2.5 
2.15626e-294 -2.17466e-294 2.5 
-2.14971e-294 2.16805e-294 -2.5 
2.14982e-294 -2.16816e-294 2.5 
-2.15655e-294 2.17496e-294 -2.5 
2.15404e-294 -2.17242e-294 2.5 
-2.1475e-294 2.16582e-294 -2.5 
2.1476e-294 -2.16593e-294 2.5 
-2.15433e-294 2.17271e-294 -2.5 
2.15182e-294 -2.17018e-294 2.5 
-2.14528e-294 2.16359e-294 -2.5 
2.14539e-294 -2.16369e-294 2.5 
-2.1521e-294 2.17047e-294 -2.5 
2.1496e-294 -2.16794e-294 2.5 
-2.14307e-294 2.16136e-294 -2.5 
2.14317e-294 -2.16146e-294 2.5 
-2.14988e-294 2.16822e-294 -2.5 
2.14737e-294 -2.1657e-294 2.5 
-2.14085e-294 2.15912e-294 -2.5 
2.14096e-294 -2.15923e-294 2.5 
-2.14764e-294 2.16597e-294 -2.5 
2.14514e-294 -2.16345e-294 2.5 
-2.13863e-294 2.15688e-294 -2.5 
2.13874e-294 -2.15699e-294 2.5 
-2.16237e-294 2.18082e-294 -2.5 
2.15983e-294 -2.17827e-294 2.5 
-2.15326e-294 2.17164e-294 -2.5 
2.15339e-294 -2.17177e-294 2.5 
-2.16015e-294 2.17858e-294 -2.5 
2.15762e-294 -2.17603e-294 2.5 
-2.15106e-294 2.16942e-294 -2.5 
2.15118e-294 -2.16954e-294 2.5 
-2.15792e-294 2.17634e-294 -2.5 
2.1554e-294 -2.17379e-294 2.5 
-2.14885e-294 2.16719e-294 -2.5 
2.14897e-294 -2.1673e-294 2.5 
-2.1557e-294 2.1741e-294 -2.5 
2.15318e-294 -2.17155e-294 2.5 
-2.14664e-294 2.16496e-294 -2.5 
2.14675e-294 -2.16507e-294 2.5 
-2.15348e-294 2.17185e-294 -2.5 
2.15096e-294 -2.16931e-294 2.5 
-2.14442e-294 2.16272e-294 -2.5 
2.14454e-294 -2.16284e-294 2.5 
-2.15125e-294 2.16961e-294 -2.5 
2.14874e-294 -2.16708e-294 2.5 
-2.14221e-294 2.16049e-294 -2.5 
2.14233e-294 -2.16061e-294 2.5 
-2.14903e-294 2.16737e-294 -2.5 
2.14652e-294 -2.16483e-294 2.5 
-2.14e-294 2.15826e-294 -2.5 
2.14011e-294 -2.15838e-294 2.5 
-2.1468e-294 2.16512e-294 -2.5 
2.1443e-294 -2.16259e-294 2.5 
-2.13778e-294 2.15603e-294 -2.5 
2.1379e-294 -2.15614e-294 2.5 
-2.16156e-294 2.18e-294 -2.5 
2.15901e-294 -2.17743e-294 2.5 
-2.15244e-294 2.17081e-294 -2.5 
2.15259e-294 -2.17095e-294 2.5 
-2.15933e-294 2.17776e-294 -2.5 
2.15679e-294 -2.1752e-294 2.5 
-2.15023e-294 2.16858e-294 -2.5 
2.15037e-294 -2.16872e-294 2.5 
-2.15711e-294 2.17552e-294 -2.5 
2.15457e-294 -2.17296e-294 2.5 
-2.14802e-294 2.16635e-294 -2.5 
2.14815e-294 -2.16649e-294 2.5 
-2.15489e-294 2.17328e-294 -2.5 
2.15235e-294 -2.17072e-294 2.5 
-2.14581e-294 2.16412e-294 -2.5 
2.14594e-294 -2.16425e-294 2.5 
-2.15266e-294 2.17103e-294 -2.5 
2.15013e-294 -2.16848e-294 2.5 
-2.1436e-294 2.16189e-294 -2.5 
2.14373e-294 -2.16202e-294 2.5 
-2.15044e-294 2.16879e-294 -2.5 
2.14791e-294 -2.16624e-294 2.5 
-2.14138e-294 2.15966e-294 -2.5 
2.14152e-294 -2.15979e-294 2.5 
-2.14822e-294 2.16655e-294 -2.5 
2.14569e-294 -2.164e-294 2.5 
-2.13917e-294 2.15743e-294 -2.5 
2.13931e-294 -2.15756e-294 2.5 
-2.14599e-294 2.16431e-294 -2.5 
2.14347e-294 -2.16176e-294 2.5 
-2.13696e-294 2.1552e-294 -2.5 
2.13709e-294 -2.15533e-294 2.5 
-2.16079e-294 2.17923e-294 -2.5 
2.15822e-294 -2.17664e-294 2.5 
-2.15165e-294 2.17001e-294 -2.5 
2.15182e-294 -2.17018e-294 2.5 
-2.15856e-294 2.17698e-294 -2.5 
2.156e-294 -2.1744e-294 2.5 
-2.14945e-294 2.16779e-294 -2.5 
2.1496e-294 -2.16795e-294 2.5 
-2.15634e-294 2.17474e-294 -2.5 
2.15378e-294 -2.17216e-294 2.5 
-2.14723e-294 2.16556e-294 -2.5 
2.14739e-294 -2.16571e-294 2.5 
-2.15412e-294 2.1725e-294 -2.5 
2.15156e-294 -2.16992e-294 2.5 
-2.14502e-294 2.16333e-294 -2.5 
2.14518e-294 -2.16348e-294 2.5 
-2.1519e-294 2.17026e-294 -2.5 
2.14934e-294 -2.16768e-294 2.5 
-2.14281e-294 2.1611e-294 -2.5 
2.14296e-294 -2.16125e-294 2.5 
-2.14968e-294 2.16802e-294 -2.5 
2.14712e-294 -2.16545e-294 2.5 
-2.1406e-294 2.15887e-294 -2.5 
2.14075e-294 -2.15902e-294 2.5 
-2.14745e-294 2.16578e-294 -2.5 
2.14491e-294 -2.16321e-294 2.5 
-2.13839e-294 2.15664e-294 -2.5 
2.13854e-294 -2.15679e-294 2.5 
-2.14523e-294 2.16354e-294 -2.5 
2.14269e-294 -2.16097e-294 2.5 
-2.13618e-294 2.15441e-294 -2.5 
2.13633e-294 -2.15456e-294 2.5 
-2.16006e-294 2.1785e-294 -2.5 
2.15747e-294 -2.17588e-294 2.5 
-2.15091e-294 2.16926e-294 -2.5 
2.1511e-294 -2.16945e-294 2.5 
-2.15784e-294 2.17626e-294 -2.5 
2.15525e-294 -2.17365e-294 2.5 
-2.1487e-294 2.16704e-294 -2.5 
2.14888e-294 -2.16722e-294 2.5 
-2.15562e-294 2.17401e-294 -2.5 
2.15304e-294 -2.17141e-294 2.5 
-2.14649e-294 2.16481e-294 -2.5 
2.14667e-294 -2.16499e-294 2.5 
-2.1534e-294 2.17177e-294 -2.5 
2.15082e-294 -2.16917e-294 2.5 
-2.14428e-294 2.16258e-294 -2.5 
2.14446e-294 -2.16276e-294 2.5 
-2.15117e-294 2.16953e-294 -2.5 
2.1486e-294 -2.16693e-294 2.5 
-2.14207e-294 2.16035e-294 -2.5 
2.14225e-294 -2.16053e-294 2.5 
-2.14895e-294 2.16729e-294 -2.5 
2.14638e-294 -2.1647e-294 2.5 
-2.13986e-294 2.15812e-294 -2.5 
2.14004e-294 -2.1583e-294 2.5 
-2.14673e-294 2.16505e-294 -2.5 
2.14416e-294 -2.16246e-294 2.5 
-2.13765e-294 2.15589e-294 -2.5 
2.13783e-294 -2.15607e-294 2.5 
-2.14451e-294 2.16281e-294 -2.5 
2.14195e-294 -2.16023e-294 2.5 
-2.13544e-294 2.15366e-294 -2.5 
2.13562e-294 -2.15384e-294 2.5 
-2.15938e-294 2.1778e-294 -2.5 
2.15676e-294 -2.17517e-294 2.5 
-2.1502e-294 2.16855e-294 -2.5 
2.15041e-294 -2.16876e-294 2.5 
-2.15716e-294 2.17557e-294 -2.5 
2.15455e-294 -2.17294e-294 2.5 
-2.148e-294 2.16633e-294 -2.5 
2.1482e-294 -2.16653e-294 2.5 
-2.15494e-294 2.17333e-294 -2.5 
2.15233e-294 -2.1707e-294 2.5 
-2.14579e-294 2.1641e-294 -2.5 
2.14599e-294 -2.16431e-294 2.5 
-2.15272e-294 2.17109e-294 -2.5 
2.15011e-294 -2.16846e-294 2.5 
-2.14358e-294 2.16187e-294 -2.5 
2.14378e-294 -2.16208e-294 2.5 
-2.1505e-294 2.16885e-294 -2.5 
2.1479e-294 -2.16623e-294 2.5 
-2.14137e-294 2.15964e-294 -2.5 
2.14157e-294 -2.15985e-294 2.5 
-2.14828e-294 2.16661e-294 -2.5 
2.14568e-294 -2.16399e-294 2.5 
-2.13916e-294 2.15742e-294 -2.5 
2.13936e-294 -2.15762e-294 2.5 
-2.14606e-294 2.16437e-294 -2.5 
2.14346e-294 -2.16176e-294 2.5 
-2.13695e-294 2.15519e-294 -2.5 
2.13715e-294 -2.15539e-294 2.5 
-2.14383e-294 2.16212e-294 -2.5 
2.14125e-294 -2.15952e-294 2.5 
-2.13474e-294 2.15296e-294 -2.5 
2.13494e-294 -2.15316e-294 2.5 
-2.15846e-294 2.17688e-294 -2.5 
2.15606e-294 -2.17446e-294 2.5 
-2.1495e-294 2.16784e-294 -2.5 
2.14947e-294 -2.16782e-294 2.5 
-2.15625e-294 2.17466e-294 -2.5 
2.15386e-294 -2.17224e-294 2.5 
-2.1473e-294 2.16563e-294 -2.5 
2.1473e-294 -2.16563e-294 2.5 
-2.15404e-294 2.17242e-294 -2.5 
2.15164e-294 -2.17e-294 2.5 
-2.1451e-294 2.16341e-294 -2.5 
2.1451e-294 -2.16341e-294 2.5 
-2.15182e-294 2.17018e-294 -2.5 
2.14942e-294 -2.16777e-294 2.5 
-2.14289e-294 2.16118e-294 -2.5 
2.14289e-294 -2.16118e-294 2.5 
-2.1496e-294 2.16794e-294 -2.5 
2.14721e-294 -2.16553e-294 2.5 
-2.14068e-294 2.15895e-294 -2.5 
2.14068e-294 -2.15895e-294 2.5 
-2.14738e-294 2.1657e-294 -2.5 
2.14499e-294 -2.1633e-294 2.5 
-2.13848e-294 2.15672e-294 -2.5 
2.13847e-294 -2.15672e-294 2.5 
-2.14516e-294 2.16346e-294 -2.5 
2.14277e-294 -2.16106e-294 2.5 
-2.13627e-294 2.1545e-294 -2.5 
2.13626e-294 -2.15449e-294 2.5 
-2.14291e-294 2.1612e-294 -2.5 
2.14055e-294 -2.15882e-294 2.5 
-2.13406e-294 2.15227e-294 -2.5 
2.13404e-294 -2.15226e-294 2.5 
