-0.134168 0.114389 -2.49378 
0.323147 -0.0471538 2.47858 
-0.0954933 -0.0848103 -2.49674 
-0.218442 -0.119612 2.48756 
-0.077491 0.0249403 -2.49867 
-0.0965502 -0.251468 2.48545 
-0.160033 0.0872887 -2.49335 
0.210685 -0.00415764 2.4911 
0.0556723 -0.151687 -2.49477 
-0.118705 -0.101877 2.4951 
0.0215341 -0.041636 -2.49956 
0.0782526 -0.266789 2.48449 
-0.192485 -0.214763 -2.48331 
0.161676 0.238404 2.48335 
-0.17619 -0.0408779 -2.49345 
0.0659858 -0.0351251 2.49888 
-0.111547 0.0106 -2.49749 
0.096153 -0.015647 2.4981 
0.0129355 -0.0162753 -2.49991 
0.199613 0.0680403 2.49109 
-0.301232 0.155948 -2.47688 
-0.10105 -0.178916 2.49154 
0.0805778 0.117235 -2.49595 
0.257113 0.0347808 2.4865 
-0.0758817 0.0547301 -2.49825 
-0.073447 -0.161434 2.4937 
0.160391 0.143475 -2.49072 
0.170484 -0.0159261 2.49413 
0.210853 0.0548089 -2.49049 
0.0696969 -0.247375 2.48675 
-0.0806745 0.275129 -2.4835 
-0.17155 -0.236252 2.48289 
-0.209112 0.0761914 -2.49007 
0.0166646 -0.154223 2.49518 
-0.125599 -0.0348643 -2.4966 
0.094476 -0.278856 2.4826 
-0.0105513 0.177962 -2.49364 
-0.0296079 -0.0376502 2.49954 
0.269091 0.105103 -2.48325 
-0.0428691 -0.154255 2.49487 
-0.154788 -0.116632 -2.49248 
-0.0535604 -0.0481345 2.49896 
0.0621296 0.181206 -2.49265 
0.138291 -0.201699 2.48801 
0.0314392 0.119337 -2.49695 
0.0282255 -0.136961 2.49609 
0.0766354 0.0388283 -2.49852 
-0.0498704 0.0477294 2.49905 
-0.126178 -0.191996 -2.48942 
0.303459 -0.106972 2.47921 
-0.166491 0.248308 -2.48206 
-0.0679947 0.0222981 2.49898 
-0.19344 0.172302 -2.48654 
0.0457732 -0.158383 2.49456 
0.064603 0.149097 -2.49471 
0.0294436 0.11492 2.49718 
-0.232142 -0.0550805 -2.48859 
0.37798 0.067149 2.47035 
-0.307118 -0.160014 -2.4759 
0.34372 0.0036064 2.47626 
-0.125635 0.252117 -2.48408 
0.0877695 -0.0176628 2.4984 
-0.189991 0.0434103 -2.49239 
-0.0179677 -0.109573 2.49753 
-0.0812579 0.116282 -2.49597 
0.106044 0.147028 2.49342 
-0.0978903 -0.138372 -2.49425 
0.158809 -0.272659 2.48001 
-0.0176588 -0.0838442 -2.49853 
0.140223 0.0423112 2.49571 
-0.0294873 0.0501441 -2.49932 
-0.0646317 -0.0391369 2.49886 
-0.145988 0.0214707 -2.49564 
-0.0289758 -0.0996259 2.49785 
0.0308223 0.173543 -2.49378 
0.152168 -0.223839 2.4853 
-0.0123555 -0.0973552 -2.49807 
0.0904273 0.0116556 2.49834 
0.23872 -0.0321113 -2.48837 
-0.27917 0.161836 2.47909 
0.135209 -0.192503 -2.48891 
-0.0570323 0.121867 2.49638 
-0.0813249 -0.0180578 -2.49861 
-0.0229518 0.162984 2.49458 
0.28397 0.123277 -2.48076 
0.184261 -0.0313855 2.493 
-0.140789 -0.025196 -2.49591 
0.0346147 0.0410582 2.49942 
-0.205184 0.143519 -2.48743 
0.528851 -0.130272 2.43995 
-0.32373 0.0069181 -2.47894 
0.170276 0.12984 2.49081 
0.059042 0.0657853 -2.49844 
-0.121092 -0.0978095 2.49515 
-0.0277928 0.128406 -2.49655 
-0.039157 0.143395 2.49558 
-0.149484 0.104058 -2.49336 
-0.0555781 -0.133131 2.49583 
0.0533516 0.0817171 -2.49809 
-0.00396875 0.00563401 2.49999 
-0.0824238 0.0368739 -2.49837 
0.128238 0.0411381 2.49637 
-0.296161 0.00792402 -2.48238 
0.28446 -0.158417 2.47871 
-0.164823 0.505685 -2.44277 
-0.085925 -0.0706425 2.49752 
-0.12149 0.162148 -2.49178 
0.0477349 -0.228926 2.48904 
0.0852735 0.0466565 -2.49811 
0.0760463 0.384281 2.46912 
0.0024744 -0.0439066 -2.49961 
0.119445 0.0367621 2.49687 
0.0961258 0.115215 -2.49549 
0.186547 0.00324873 2.49303 
-0.222588 0.0132189 -2.49004 
0.135928 -0.0652599 2.49545 
0.0072708 0.227892 -2.48958 
0.0881203 -0.132066 2.49495 
-0.279142 0.0650244 -2.48352 
-0.0850876 0.126177 2.49536 
-0.118104 0.267418 -2.48285 
0.463793 -0.186157 2.44954 
-0.128708 -0.00548282 -2.49668 
-0.0903829 -0.00666991 2.49836 
-0.160762 0.0816832 -2.49349 
-0.11727 -0.239645 2.48572 
-0.15487 0.25376 -2.48226 
0.179621 -0.255695 2.48039 
-0.199066 0.0436414 -2.49168 
0.181798 0.139952 2.48945 
0.0198669 0.349035 -2.47544 
0.0219515 -0.204795 2.4915 
-0.170726 0.269149 -2.4796 
0.0733906 -0.110903 2.49646 
-0.342748 0.00160486 -2.47639 
0.217652 -0.0871741 2.48898 
-0.0584949 0.11624 -2.49661 
0.310702 -0.00458475 2.48061 
-0.040154 0.0527688 -2.49912 
-0.0179507 0.0889602 2.49835 
0.0813041 0.0510076 -2.49816 
0.147385 -0.225204 2.48547 
-0.267153 -0.0107877 -2.48566 
-0.092705 0.153269 2.49357 
-0.0505418 0.224264 -2.48941 
0.033614 -0.0969651 2.49789 
-0.0542779 0.0964381 -2.49755 
-0.0697833 -0.24177 2.4873 
-0.0887403 -0.0996967 -2.49643 
-0.0364501 -0.083915 2.49833 
0.108739 -0.017838 -2.49757 
-0.0221638 0.00902783 2.49989 
0.0703701 0.107719 -2.49669 
0.210396 0.0321223 2.49092 
0.123131 -0.0449767 -2.49656 
-0.0263836 -0.0537705 2.49928 
0.0103457 0.126677 -2.49677 
0.0956929 0.139916 2.49425 
0.15106 -0.0627911 -2.49464 
-0.0126068 -0.100661 2.49794 
-0.0437963 0.185455 -2.49273 
0.263332 -0.169963 2.48028 
-0.0342173 0.156561 -2.49486 
0.0460358 -0.218266 2.49003 
-0.121122 0.0727533 -2.496 
0.051116 -0.123094 2.49644 
-0.366705 0.098022 -2.47102 
0.231469 -0.0670562 2.48836 
-0.012202 0.325713 -2.47866 
0.0607756 -0.0930895 2.49753 
0.200776 0.124399 -2.48882 
0.137883 0.0430523 2.49582 
-0.117119 0.116893 -2.49452 
0.260365 0.135254 2.48272 
-0.174266 -0.0343936 -2.49368 
0.116524 -0.174783 2.49116 
-0.507913 -0.0381338 -2.44756 
-0.0588514 0.0921979 2.49761 
0.0311406 -0.0558205 -2.49918 
0.113 0.0897274 2.49583 
0.0755718 0.297094 -2.48113 
-0.00616973 0.166876 2.49442 
-0.271278 0.134847 -2.48158 
0.0778547 -0.327421 2.47724 
-0.198255 0.114764 -2.48948 
0.200267 -0.195633 2.48427 
0.130593 0.13298 -2.49304 
0.260602 -0.207831 2.47768 
0.109794 -0.105676 -2.49535 
-0.0631132 0.00914468 2.49919 
0.183681 0.114201 -2.49063 
-0.0454754 -0.101632 2.49752 
-0.508961 -0.176016 -2.44131 
0.131656 -0.0665542 2.49564 
0.0458593 0.0490669 -2.4991 
0.259649 -0.0173451 2.48642 
-0.187633 0.0347974 -2.49271 
0.183132 0.260162 2.47967 
-0.286939 -0.0283821 -2.48332 
0.23731 0.205575 2.48021 
-0.178802 0.332891 -2.47128 
0.0290944 -0.2577 2.48651 
-0.186743 -0.0175302 -2.49295 
0.276919 -0.19265 2.47714 
-0.0400563 -0.0926149 -2.49796 
-0.0418876 -0.080514 2.49835 
0.0545917 0.121933 -2.49643 
0.113692 -0.0795303 2.49615 
-0.213859 0.41101 -2.45669 
0.143151 -0.0728782 2.49483 
0.0754805 0.00226451 -2.49886 
0.129273 -0.157008 2.49171 
-0.203719 0.171153 -2.4858 
0.21982 -0.114838 2.48767 
-0.307294 0.393448 -2.44965 
0.154166 -0.330963 2.4732 
-0.192443 0.219123 -2.48293 
0.227408 -0.17822 2.48325 
-0.245559 0.178622 -2.48149 
0.243642 -0.192637 2.48063 
-0.208648 0.348054 -2.46685 
-0.229081 -0.283951 2.47324 
-0.291544 0.369421 -2.45531 
0.0683646 -0.328656 2.47736 
0.0900059 -0.0805375 -2.49708 
0.0938805 0.113887 2.49564 
-0.0337772 -0.181931 -2.49314 
-0.00772764 -0.0569878 2.49934 
-0.287504 0.092682 -2.48168 
0.1755 -0.171568 2.48792 
-0.239904 0.116391 -2.48574 
0.0563428 -0.156597 2.49445 
0.0367102 -0.173202 -2.49372 
0.00365671 0.0505874 2.49949 
-0.141846 -0.0922639 -2.49427 
0.0835573 -0.0819684 2.49726 
0.0520552 0.0702671 -2.49847 
-0.0146959 -0.322076 2.47912 
-0.0548146 0.0988137 -2.49744 
0.0271773 -0.210869 2.49094 
-0.0988598 0.136626 -2.49431 
0.0740845 -0.103535 2.49676 
-0.146562 -0.0271631 -2.49555 
-0.135411 0.0233986 2.49622 
-0.124206 0.0358559 -2.49666 
-0.0322393 -0.189825 2.49257 
0.0173049 0.27514 -2.48475 
0.358095 -0.314862 2.4541 
0.16783 -0.0928799 -2.49263 
-0.191309 -0.153919 2.48791 
-0.214153 0.0826415 -2.48944 
0.137817 -0.004409 2.49619 
-0.0994653 -0.0242275 -2.4979 
-0.0229769 -0.10207 2.49781 
-0.102122 0.0897923 -2.4963 
0.0614304 -0.0533915 2.49867 
-0.306786 -0.138242 -2.47725 
0.00145861 -0.162813 2.49469 
0.10207 0.259278 -2.48442 
-0.0885455 -0.0173059 2.49837 
0.00985362 0.184003 -2.4932 
-0.0338257 0.179883 2.49329 
-0.103928 -0.0195989 -2.49776 
0.0921842 0.0394327 2.49799 
0.013661 0.0302723 -2.49978 
-0.165287 -0.04749 2.49408 
-0.0306517 -0.0594437 -2.49911 
0.0275007 -0.0700056 2.49887 
0.134976 0.20196 -2.48817 
-0.00838422 -0.126972 2.49676 
0.37086 0.0639163 -2.47151 
-0.0743731 0.00464343 2.49889 
-0.123967 0.336916 -2.47409 
0.0503844 -0.403612 2.46669 
-0.198318 0.11407 -2.48951 
0.198384 -0.0556268 2.4915 
0.00784273 -0.0162133 -2.49994 
0.167197 -0.187273 2.48736 
-0.0964456 0.0975849 -2.49623 
0.00776271 -0.30924 2.48079 
-0.362477 0.131184 -2.4701 
0.35901 -0.199319 2.46605 
0.0150713 -0.027263 -2.49981 
0.0573058 -0.12792 2.49607 
-0.176033 0.0766426 -2.49262 
0.033785 0.0671701 2.49887 
-0.227289 -0.00146357 -2.48965 
-0.0826871 0.143127 2.49453 
-0.192998 0.115957 -2.48984 
0.12458 -0.142337 2.49283 
-0.0937506 0.122542 -2.49523 
-0.00177407 -0.0618125 2.49924 
0.0181897 0.115583 -2.49726 
-0.198209 -0.304046 2.47351 
-0.0373223 0.103432 -2.49758 
-0.0574671 -0.0698643 2.49836 
0.208972 -0.0672082 -2.49034 
-0.321624 -0.293139 2.46183 
0.101195 0.299169 -2.47997 
-0.307863 -0.226956 2.47057 
0.233124 0.106912 -2.48681 
0.186564 -0.100192 2.49101 
-0.0847105 0.321798 -2.47776 
-0.167178 -0.156294 2.4895 
-0.122494 -0.0920997 -2.4953 
0.0128277 -0.253287 2.4871 
-0.0338246 0.334829 -2.47725 
0.174059 0.021549 2.49384 
-0.273713 0.200245 -2.47689 
0.136041 -0.431265 2.45876 
-0.0912558 0.327186 -2.47682 
-0.00661306 -0.0416696 2.49964 
-0.176503 0.09216 -2.49206 
0.293349 -0.0248695 2.48261 
0.106374 0.263695 -2.48378 
0.199711 -0.149791 2.4875 
-0.0750874 0.151766 -2.49426 
-0.072463 -0.283976 2.48276 
-0.0721367 0.0475403 -2.49851 
0.239525 -0.0853452 2.48704 
0.178001 0.129124 -2.49031 
0.171401 0.0032106 2.49412 
-0.239565 -0.123283 -2.48544 
0.126328 -0.115502 2.49413 
-0.00399867 -0.255899 -2.48687 
-0.228079 0.0321101 2.48937 
-0.187273 -0.282745 -2.47689 
0.352019 -0.110315 2.47263 
-0.0379304 0.0316855 -2.49951 
0.0632067 -0.090601 2.49756 
0.17796 -0.0526415 -2.4931 
0.158161 0.018741 2.49492 
-0.10593 -0.0336682 -2.49753 
0.201738 -0.113091 2.48928 
0.082247 0.228463 -2.48818 
0.00154544 -0.175139 2.49386 
0.101706 -0.0269039 -2.49779 
0.0755255 -0.234644 2.48782 
0.112815 -0.113355 -2.49488 
-0.0209289 -0.152063 2.49528 
-0.266057 0.0383967 -2.48551 
0.430589 -0.0948194 2.46081 
-0.15984 0.106821 -2.4926 
0.142466 0.0557834 2.49531 
-0.48636 0.262071 -2.43819 
0.155866 -0.505935 2.4433 
0.0168904 0.21901 -2.49033 
0.0403046 0.0569186 2.49903 
-0.0687047 0.105429 -2.49683 
0.183518 -0.0289191 2.49309 
-0.185505 0.240767 -2.48146 
0.0993731 -0.0188252 2.49795 
-0.0920205 -0.0947444 -2.49651 
0.0328587 -0.0465918 2.49935 
-0.345384 0.00823608 -2.47601 
0.186317 -0.156699 2.48812 
-0.320403 0.0446713 -2.47898 
-0.0755072 0.0977165 2.49695 
-0.398525 0.143418 -2.46386 
0.303198 -0.132648 2.478 
-0.102259 0.0629065 -2.49712 
-0.0577024 -0.135776 2.49564 
0.0991041 -0.0861418 -2.49655 
0.235019 -0.214715 2.47965 
-0.0199473 -0.095821 -2.49808 
-0.186367 -0.11934 2.49019 
0.0658064 -0.107571 -2.49682 
0.0471801 0.00270465 2.49955 
-0.131273 -0.159926 -2.49142 
0.126603 0.257741 2.48345 
-0.0728213 -0.115444 -2.49627 
0.186407 0.295174 2.4755 
-0.0338805 0.204302 -2.49141 
0.215363 -0.0181869 2.49064 
-0.111059 0.0557067 -2.49691 
0.0184172 -0.11524 2.49727 
-0.0964851 0.163962 -2.49275 
0.385657 -0.36779 2.44254 
-0.233231 0.138538 -2.48524 
-0.127413 0.0405666 2.49642 
-0.274742 0.109542 -2.48244 
0.174859 0.0174248 2.49382 
-0.259696 0.351336 -2.46153 
0.300364 -0.232883 2.47094 
-0.0915535 0.112222 -2.4958 
0.0984728 -0.168713 2.49236 
5.41874e-05 0.280899 -2.48417 
0.00962951 -0.161352 2.49477 
-0.262257 0.0578841 -2.48553 
0.160309 -0.122491 2.49185 
-0.338685 0.0467885 -2.47651 
0.513506 -0.181846 2.43993 
-0.169806 0.0488502 -2.49375 
0.105397 -0.134166 2.49417 
-0.226743 -0.0327174 -2.48948 
-0.204133 -0.144326 2.48747 
0.153295 -0.205519 -2.48682 
-0.1471 0.263596 2.48171 
0.0152182 -0.0601716 -2.49923 
-0.0356527 0.0271561 2.4996 
-0.104677 -0.0740625 -2.49671 
-0.00169166 0.250769 2.48739 
0.0454122 0.104319 -2.49741 
0.188963 0.104013 2.49068 
0.21943 0.0108064 -2.49033 
0.0222812 -0.213907 2.49073 
0.170531 -0.0526009 -2.49362 
0.248091 0.132542 2.48413 
0.0114777 0.123563 -2.49692 
0.243936 -0.221211 2.47822 
0.420475 0.015783 -2.46434 
-0.290668 -0.160244 2.47787 
-0.133597 0.0971151 -2.49454 
0.20671 -0.0439231 2.49105 
-0.206004 0.333747 -2.46904 
-0.318408 -0.133076 2.47607 
-0.307335 -0.06977 -2.48006 
0.0830383 -0.0257809 2.49849 
-0.162193 -0.0311461 -2.49454 
0.164979 -0.0418042 2.4942 
-0.0226701 0.209686 -2.49109 
0.219689 -0.116826 2.48759 
-0.506152 -0.0682391 -2.44727 
0.246141 0.253457 2.47491 
-0.0297748 0.472071 -2.45484 
0.187226 -0.0533256 2.49241 
-0.0173265 0.2119 -2.49094 
0.138211 -0.176695 2.48992 
-0.185368 -0.175635 -2.48692 
-0.143237 0.252766 2.48306 
0.0885134 -0.201299 -2.49031 
0.194517 -0.0399164 2.4921 
-0.0438578 0.16391 -2.49424 
0.0153399 -0.110895 2.49749 
0.180401 -0.0257433 -2.49335 
0.0875913 0.225504 2.48827 
-0.211756 0.270051 -2.47633 
0.0940548 -0.278706 2.48264 
-0.128959 0.0378256 -2.49639 
0.326606 -0.14068 2.47458 
-0.0194375 0.137925 -2.49612 
0.0288521 -0.299971 2.48177 
0.0281084 0.470523 -2.45516 
-0.126802 -0.257625 2.48346 
-0.0823252 0.0697118 -2.49767 
0.403941 0.09209 2.46543 
-0.136568 0.164907 -2.49081 
-0.0163828 -0.229235 2.48941 
-0.288816 -0.195432 -2.47556 
0.283538 -0.137121 2.48008 
-0.318382 0.0433686 -2.47926 
0.031551 0.0534271 2.49923 
-0.247216 0.140641 -2.48377 
0.279575 -0.095752 2.48247 
-0.361669 -0.0778315 -2.47248 
0.250266 -0.0464817 2.48701 
-0.00373484 0.0546091 -2.4994 
-0.00127176 -0.193506 2.4925 
-0.213524 0.0299379 -2.49068 
-0.0117956 -0.130966 2.49654 
0.0547198 -0.117228 -2.49665 
0.0548457 0.108015 2.49706 
0.0413055 0.148585 -2.49524 
0.156742 -0.157707 2.49009 
-0.211435 0.196518 -2.48328 
0.218766 -0.315044 2.4704 
-0.202479 -0.201563 -2.48362 
-0.107181 -0.312847 2.47803 
-0.0659133 0.239122 -2.48766 
0.196353 -0.336387 2.46947 
-0.0736599 0.243915 -2.48698 
-0.0189927 -0.0733044 2.49885 
0.14959 0.16867 -2.48981 
0.228424 -0.0801976 2.48825 
-0.165641 0.19585 -2.48681 
0.186796 -0.200149 2.48496 
-0.192911 0.381726 -2.46314 
0.139991 -0.1157 2.49339 
-0.108186 0.0530521 -2.49709 
-0.135452 -0.44257 2.45678 
-0.233668 0.157611 -2.48406 
-0.0794523 -0.0563366 2.4981 
0.0170559 0.0050352 -2.49994 
-0.00338307 0.0365974 2.49973 
-0.0468082 0.0223008 -2.49946 
0.34569 -0.190303 2.46866 
-0.221182 0.163675 -2.48481 
0.416626 0.116288 2.4623 
0.0729458 0.249053 -2.48649 
0.424711 -0.147567 2.45924 
-0.100675 0.021547 -2.49788 
0.046891 0.100849 2.49752 
-0.0357428 -0.075384 -2.49861 
0.0720849 0.0891513 2.49737 
0.00936322 0.0461905 -2.49956 
-0.208024 0.0464531 2.4909 
-0.108758 -0.0478528 -2.49717 
0.106476 -0.0377172 2.49745 
0.0323608 0.00924066 -2.49977 
0.349596 -0.151358 2.4708 
0.0540164 0.0710441 -2.49841 
0.0472172 -0.13493 2.49591 
0.251496 -0.0859482 -2.48583 
-0.221925 -0.221921 2.48022 
-0.19784 0.0388095 -2.49186 
0.190662 -0.192365 2.48529 
-0.205003 0.051195 -2.49105 
-0.122706 0.0335216 2.49676 
-0.0878855 0.00192805 -2.49845 
0.14275 -0.286147 2.47946 
-0.0848275 0.33638 -2.47581 
0.130415 -0.0880647 2.49504 
-0.0117727 0.0936122 -2.49822 
0.135407 -0.169473 2.49057 
-0.00900906 0.0804424 -2.49869 
0.0536966 0.0633339 2.49862 
-0.0198347 0.08154 -2.49859 
-0.072148 -0.0261629 2.49882 
-0.0904643 0.244307 -2.48639 
0.0457927 -0.0556175 2.49896 
0.0951423 0.160174 -2.49305 
-0.0406873 -0.0012511 2.49967 
-0.0329927 -0.38939 -2.46927 
0.0554658 -0.118207 2.49659 
0.00447747 -0.14943 -2.49553 
0.156028 0.0621929 2.49435 
0.0744888 0.077472 -2.49769 
0.134956 -0.0188602 2.49628 
0.0498353 0.11529 -2.49684 
0.0703784 -0.355237 2.47363 
0.00789615 0.229817 -2.4894 
0.187598 -0.275768 2.47765 
-0.0506398 -0.0670893 -2.49859 
-0.0947304 0.00694495 2.49819 
-0.0164001 0.306469 -2.48109 
0.259518 -0.109223 2.48409 
-0.0452197 0.161329 -2.49438 
0.0130795 -0.0482003 2.4995 
-0.0415831 0.133956 -2.49606 
0.122314 -0.339071 2.47388 
0.0641273 -0.0349816 -2.49893 
-0.0264484 -0.213595 2.49072 
-0.00173252 0.172569 -2.49404 
0.00216663 -0.249806 2.48749 
0.0665725 0.116659 -2.49639 
0.12451 0.151985 2.49227 
-0.0682379 0.178894 -2.49266 
-0.106599 0.00480022 2.49772 
0.236315 -0.215512 -2.47946 
-0.223843 -0.195042 2.48231 
-0.0756155 0.0412437 -2.49852 
0.307751 0.00481561 2.48098 
0.150493 0.0403162 -2.49514 
-0.104153 0.068197 2.4969 
0.0478585 0.290081 -2.48265 
-0.0700256 0.0991849 2.49705 
0.121932 -0.00925463 -2.49701 
-0.16381 -0.0505946 2.49411 
0.218336 -0.0488718 -2.48997 
0.0721451 -0.0347385 2.49872 
0.0532008 0.107675 -2.49711 
0.062034 0.0171355 2.49917 
0.0934017 0.307067 -2.47931 
-0.0377431 -0.148874 2.49528 
-0.381275 0.303049 -2.4521 
0.244781 -0.0684887 2.48704 
-0.283063 0.0493513 -2.48343 
0.106023 0.00833482 2.49774 
-0.138533 0.112875 -2.49361 
0.145431 0.142492 2.4917 
-0.0506684 0.00881052 -2.49947 
-0.0467237 -0.0397303 2.49925 
-0.0595252 0.218795 -2.4897 
0.0249573 0.055957 2.49925 
-0.359838 0.0716497 -2.47293 
0.242742 -0.225302 2.47797 
0.0435052 0.16423 -2.49422 
0.15714 -0.352216 2.47007 
-0.128865 0.127549 -2.49342 
0.178607 -0.0433459 2.49323 
0.185413 -0.0927685 -2.49139 
-0.0699969 -0.22761 2.48863 
-0.17183 0.0536812 -2.49351 
0.170304 -0.0725055 2.49314 
-0.0354741 -0.0522765 -2.4992 
-0.00258845 -0.0413722 2.49966 
-0.0814333 0.302293 -2.48032 
-0.17725 0.214671 2.48445 
0.0219038 -0.223281 -2.48991 
0.0389754 0.265026 2.48561 
-0.141603 0.00284534 -2.49598 
0.00438162 0.128091 2.49671 
-0.162008 -0.186627 -2.48775 
-0.0447869 -0.302172 2.48127 
-0.124061 0.0565755 -2.49628 
0.029646 0.106434 2.49756 
-0.249798 0.180794 -2.48091 
0.161954 -0.300926 2.47653 
0.11936 0.152734 -2.49247 
-0.0112911 -0.118216 2.49718 
-0.304723 0.15547 -2.47648 
0.201706 -0.169098 2.48611 
-0.246847 0.179324 -2.48131 
0.186483 -0.131941 2.48954 
-0.392391 0.178055 -2.46259 
-0.073729 0.0221523 2.49881 
-0.184746 -0.0476391 -2.49271 
0.28609 -0.240637 2.47189 
-0.0784538 0.058854 -2.49808 
-0.0798411 -0.0044938 2.49872 
0.0277803 0.109868 -2.49743 
0.122659 -0.102376 2.49489 
-0.27502 0.0143964 -2.48479 
0.0330175 -0.175688 2.4936 
-0.148372 0.0200841 -2.49551 
-0.103011 -0.0806347 2.49657 
0.13883 0.0680132 -2.49522 
0.0439153 0.0454077 2.4992 
0.036134 0.0490374 -2.49926 
-0.0781014 0.103077 2.49665 
-0.0185043 -0.179347 -2.49349 
0.266884 0.1888 2.47853 
0.132771 0.141305 -2.49247 
-0.0759994 -0.255205 2.48578 
-0.0806558 -0.158944 -2.49364 
0.0748381 0.0644589 2.49805 
0.138473 -0.036806 -2.49589 
0.0859846 0.0831084 2.49714 
-0.0324426 0.0235469 -2.49968 
0.0330559 -0.253689 2.48688 
0.192461 0.0773051 -2.49138 
0.170507 0.0861787 2.49269 
-0.464804 0.206782 -2.44769 
0.269958 -0.138595 2.48151 
-0.163507 -0.00629086 -2.49464 
0.145033 0.00668937 2.49578 
-0.0540684 0.0150817 -2.49937 
0.0735406 0.0123824 2.49889 
-0.184289 0.302478 -2.47478 
0.350936 -0.389601 2.44439 
-0.084822 0.05819 -2.49788 
0.174288 -0.0661073 2.49304 
-0.0881105 -0.264744 -2.48438 
0.0653845 -0.12731 2.4959 
-0.0300051 -0.0480414 -2.49936 
-0.0392114 0.0821299 2.49834 
-0.161784 -0.215141 -2.48547 
0.113279 0.0549448 2.49683 
0.0388341 0.110645 -2.49725 
-0.0971997 -0.0492869 2.49762 
-0.000490547 0.219165 -2.49037 
-0.124952 0.0550588 2.49627 
-0.0379529 -0.200432 -2.49166 
0.376077 0.0328793 2.47133 
-0.0264295 0.328581 -2.47817 
-0.195741 0.0464056 2.49189 
-0.341704 -0.0417899 -2.47618 
0.236648 -0.0418116 2.48842 
0.0172595 0.211633 -2.49097 
-0.155863 -0.114983 2.49249 
-0.153955 0.0270748 -2.49511 
0.0543606 0.18125 2.49283 
-0.123604 -0.0144901 -2.4969 
-0.122155 -0.197688 2.48918 
0.0832381 0.177808 -2.49228 
0.132467 -0.247714 2.48417 
0.0901998 0.0675719 -2.49746 
0.0402477 -0.0048829 2.49967 
-0.30761 0.0899797 -2.47937 
0.0475745 -0.0439645 2.49916 
-0.227357 0.22204 -2.47972 
0.226463 -0.428561 2.45256 
-0.0107164 -0.0596013 -2.49927 
0.123791 -0.0384907 2.49664 
0.095405 0.217098 -2.48873 
0.07632 0.0504288 2.49833 
0.0165771 0.0147075 -2.4999 
0.255188 0.0601886 2.48621 
-0.00272956 0.0867779 -2.49849 
0.140145 0.0731525 2.495 
-0.170425 -0.137629 -2.49038 
-0.046451 0.323136 2.47859 
-0.16885 -0.0470214 -2.49385 
-0.0736514 -0.121949 2.49594 
-0.106501 -0.181337 -2.49114 
-0.151766 0.0342355 2.49515 
0.120205 -0.239701 -2.48558 
-0.0395262 0.158715 2.49464 
0.150389 -0.116155 -2.49277 
-0.0633719 -0.0556936 2.49858 
0.146001 -0.0793057 -2.49447 
-0.0739622 0.202963 2.49065 
0.0325128 0.113609 -2.49721 
-0.122711 -0.109887 2.49457 
-0.0167596 0.315841 -2.47991 
0.121597 -0.270531 2.48234 
-0.110727 0.428893 -2.46045 
0.240066 -0.10212 2.48635 
-0.202469 0.156167 -2.48689 
0.0890257 -0.137988 2.4946 
-0.0943519 0.00197909 -2.49822 
0.0830617 -0.423641 2.46244 
0.0673308 0.283379 -2.48297 
0.19645 -0.17294 2.48626 
-0.0882879 0.160405 -2.49329 
0.315549 -0.0151513 2.47996 
-0.163381 -0.0432117 -2.49428 
0.208527 -0.00956463 2.49127 
-0.109084 0.0416895 -2.49727 
0.00684546 -0.366382 2.473 
-0.412444 0.120928 -2.46278 
0.230821 -0.238883 2.47783 
-0.0803184 0.25554 -2.48561 
0.080105 -0.0248837 2.49859 
-0.179503 0.000691556 -2.49355 
0.0856425 0.0518422 2.49799 
-0.0862097 -0.0549213 -2.49791 
0.00673027 -0.191841 2.49262 
0.107986 0.132178 -2.49417 
-0.193898 0.128448 2.48916 
-0.020946 0.243117 -2.48806 
0.121202 -0.0916401 2.49538 
-0.0655681 0.134284 -2.49553 
-0.0181229 -0.0838816 2.49853 
-0.430417 -0.0858397 -2.46117 
0.248951 0.00296572 2.48757 
0.0626999 0.181767 -2.49259 
0.179952 -0.127022 2.49028 
0.0773252 0.269904 -2.48418 
0.0698135 -0.427965 2.46211 
0.101215 0.029839 -2.49777 
0.039424 -0.111943 2.49718 
-0.226436 0.0984746 -2.48778 
0.0660547 0.0884508 2.49756 
0.0947181 0.0469875 -2.49776 
0.0570439 -0.202212 2.49116 
-0.0830619 0.0540356 -2.49804 
0.204056 -0.144444 2.48747 
-0.290076 0.0560304 -2.48248 
0.165784 -0.111072 2.49202 
0.0734891 -0.0333804 -2.4987 
-0.0173641 0.0961197 2.49809 
-0.103066 -0.0761757 -2.49671 
-0.0286541 0.129647 2.49647 
0.315211 -0.0567563 -2.4794 
0.0318905 0.0167228 2.49974 
0.0997703 -0.116851 -2.49527 
-0.0141128 0.0627682 2.49917 
0.139639 0.0326783 -2.49588 
-0.178692 0.0409267 2.49327 
0.228915 0.151837 -2.48486 
-0.165002 3.30054e-05 2.49455 
-0.0331822 0.361612 -2.47349 
-0.177942 -0.101277 2.4916 
-0.0768693 0.00739041 -2.49881 
0.0318027 -0.0434055 2.49942 
0.0189382 -0.0490419 -2.49945 
0.112108 -0.108931 2.49511 
0.279976 0.207801 -2.47557 
-0.204776 -0.327169 2.47003 
-0.117247 0.145381 -2.49301 
0.128711 -0.386201 2.46663 
-0.190868 0.00143904 -2.4927 
-0.0315574 -0.0926197 2.49808 
-0.035567 0.190943 -2.49244 
-0.0400205 -0.143524 2.49556 
0.00631572 0.193586 -2.49249 
0.017079 -0.114437 2.49732 
-0.119616 0.107582 -2.49482 
-0.106305 -0.167646 2.49211 
-0.025401 0.0601085 -2.49915 
0.194702 -0.237228 2.48109 
-0.0410222 0.214928 -2.49041 
0.211415 0.152063 2.4864 
-0.0553139 0.352401 -2.47442 
0.00477127 -0.176294 2.49377 
0.181234 0.0130455 -2.49339 
0.172721 0.0227373 2.49392 
-0.284321 -0.312138 -2.46409 
-0.0285608 0.145186 2.49562 
0.104492 -0.0436568 -2.49743 
-0.183877 -0.0458496 2.49281 
0.0309522 -0.220825 -2.49004 
-0.0646569 0.0124344 2.49913 
0.13904 -0.0221697 -2.49603 
0.0190395 -0.00525569 2.49992 
-0.0569721 0.27449 -2.48423 
-0.0171378 -0.157138 2.495 
-0.145552 0.0406398 -2.49543 
0.0602391 -0.538862 2.44049 
-0.212318 0.250812 -2.47831 
0.264731 -0.150287 2.4814 
-0.0279378 -0.158726 -2.4948 
0.0610376 0.0934789 2.49751 
-0.0414467 0.128202 -2.49637 
0.069551 -0.00515329 2.49903 
0.0972456 0.306681 -2.47921 
-0.104118 -0.138439 2.49399 
-0.168015 0.42636 -2.45764 
-0.0294512 -0.18946 2.49264 
-0.237557 0.149845 -2.48417 
0.249241 -0.0274683 2.48739 
-0.372244 0.0757899 -2.47097 
0.224676 0.0187662 2.48981 
0.25643 -0.026982 -2.48667 
0.108961 -0.0390437 2.49732 
0.00701641 -0.0712391 -2.49897 
0.147472 -0.00279361 2.49565 
0.0798944 0.268398 -2.48427 
0.138815 -0.0236623 2.49603 
-0.15516 -0.0716532 -2.49415 
0.0893533 -0.101446 2.49634 
-0.0558537 -0.170808 -2.49353 
-0.105896 -0.131952 2.49427 
-0.239136 0.0863253 -2.48704 
0.028622 -0.146995 2.49551 
0.0416125 0.323974 -2.47857 
0.205487 -0.054879 2.49094 
-0.183161 0.0067009 -2.49327 
0.148905 -0.0822567 2.49421 
-0.387437 0.345577 -2.4455 
0.262333 -0.185741 2.47925 
-0.303327 0.0473012 -2.48108 
0.200432 -0.0127349 2.49192 
-0.216262 0.0865067 -2.48913 
0.0354684 0.0773309 2.49855 
-0.18179 0.2052 -2.48492 
0.0217311 -0.104326 2.49773 
-0.222659 0.0432283 -2.48969 
0.169854 -0.0749478 2.4931 
-0.0927725 0.125509 -2.49512 
0.324454 0.0170434 2.4788 
-0.105936 0.169356 -2.49201 
0.167095 -0.105455 2.49218 
-0.450846 0.00734339 -2.459 
0.224731 -0.234258 2.47883 
-0.0652509 0.179448 -2.4927 
0.0973859 -0.101316 2.49605 
-0.16923 0.170623 -2.48842 
0.019271 -0.10701 2.49763 
0.128663 0.0299806 -2.49651 
0.0210235 -0.0959195 2.49807 
-0.103229 -0.0310944 -2.49767 
-0.00786729 -0.131519 2.49653 
-0.233983 -0.0872625 -2.4875 
0.0718995 0.0502426 2.49846 
0.154843 0.00901775 -2.49518 
-0.134693 -0.143817 2.49222 
0.0351376 -0.056105 -2.49912 
-0.207156 -0.217061 2.48193 
0.114587 0.0356136 -2.49712 
-0.148595 0.000357794 2.49558 
-0.296191 0.033916 -2.48216 
0.188387 -0.0350592 2.49265 
-0.199543 0.0280316 -2.49187 
0.0831081 -0.150566 2.49408 
-0.204301 0.170102 -2.48583 
0.146426 0.123529 2.49265 
-0.000724067 -0.0256257 -2.49987 
0.133496 -0.0585102 2.49575 
-0.0892786 -0.0270967 -2.49826 
0.223864 0.0125305 2.48993 
-0.350364 -0.0547542 -2.47472 
0.135695 -0.23781 2.48496 
-0.00076545 -0.116431 -2.49729 
0.207868 -0.038386 2.49105 
-0.297233 0.255401 -2.46909 
0.106695 -0.207449 2.48909 
-0.0982692 -0.00645993 -2.49806 
0.017788 -0.294732 2.4825 
-0.25864 0.106239 -2.48431 
0.186073 -0.0166565 2.49301 
-0.155053 0.207763 -2.48652 
-0.0328948 -0.150654 2.49524 
0.0793863 0.129361 -2.49539 
0.0620596 -0.0734677 2.49815 
-0.214964 0.0713207 -2.48972 
-0.0138152 -0.0515585 2.49943 
0.10922 0.0433268 -2.49724 
0.0354687 -0.270047 2.48512 
-0.0394369 -0.0851781 -2.49824 
-0.238495 -0.137754 2.48478 
0.282279 0.133371 -2.48043 
0.0212492 -0.148475 2.4955 
-0.0556788 -0.0765082 -2.49821 
0.166554 -0.310975 2.47499 
0.164453 -0.114851 -2.49194 
0.18772 0.192141 2.48553 
-0.274425 0.298038 -2.46695 
0.275116 -0.157215 2.47984 
-0.0310849 0.0138943 -2.49977 
0.262331 -0.00857265 2.48618 
-0.00670491 0.238802 -2.48856 
0.418797 -0.188396 2.45746 
-0.199127 -0.0100346 -2.49204 
0.209747 -0.27644 2.4758 
0.119566 -0.0011301 -2.49714 
-0.0458316 -0.157341 2.49462 
-0.0984881 0.259938 -2.4845 
-0.0404555 0.0798192 2.4984 
0.0964818 0.0167642 -2.49808 
-0.0244347 0.106715 2.4976 
-0.186252 -0.104595 -2.49086 
0.0154081 -0.152528 2.4953 
0.156468 -0.132674 -2.49157 
0.243405 -0.106465 2.48584 
-0.259556 0.107152 -2.48418 
-0.0308732 -0.0668061 2.49892 
-0.0299906 0.24706 -2.48758 
-0.115042 -0.230192 2.48672 
-0.147149 0.279697 -2.47994 
0.0872065 -0.0335812 2.49825 
0.0502912 0.184134 -2.4927 
-0.0192576 -0.0642177 2.4991 
-0.155464 0.17008 -2.48936 
-0.0799175 -0.143631 2.49459 
0.198366 0.00456846 -2.49211 
0.115954 -0.0921242 2.49561 
-0.184045 0.0128615 -2.49318 
0.168934 -0.14652 2.48998 
0.0606809 0.0620559 -2.49849 
0.167992 0.0272149 2.4942 
-0.165122 -0.141253 -2.49054 
0.122263 0.0450303 2.4966 
-0.222359 0.121655 -2.48712 
-0.101728 -0.064521 2.4971 
-0.0951669 0.138449 -2.49435 
0.119944 -0.360901 2.4709 
-0.183381 0.0316908 -2.49306 
-0.0359985 -0.258684 2.48632 
-0.209146 -0.00387291 -2.49123 
-0.0858253 0.0420574 2.49817 
-0.0649988 0.0335886 -2.49893 
-0.211571 0.175255 2.48486 
-0.00497922 -0.00405192 -2.49999 
0.191521 0.00878878 2.49264 
-0.0515593 -0.0194935 -2.49939 
0.221228 -0.0365205 2.48992 
-0.00127139 -0.0240208 -2.49988 
-0.0588009 -0.077824 2.4981 
0.123486 0.15787 -2.49195 
-0.0655047 -0.17503 2.493 
-0.243707 0.091881 -2.4864 
0.115234 -0.237666 2.48601 
0.0725119 0.0133522 -2.49891 
-0.0698203 -0.129044 2.49569 
0.153778 0.0224982 -2.49516 
-0.176284 -0.0393935 2.49347 
0.152392 -0.285709 -2.47894 
0.163801 0.282481 2.47858 
-0.0563284 -0.0871461 -2.49785 
0.108857 -0.143265 2.49352 
-0.108153 0.0418299 -2.49731 
0.309408 0.0131951 2.48074 
-0.19604 -0.104242 -2.49012 
0.113037 0.119242 2.49459 
-0.0558462 0.0320279 -2.49917 
0.185899 -0.244944 2.48102 
-0.211214 0.136364 -2.48733 
-0.166104 0.167826 2.48882 
-0.29158 0.170088 -2.47711 
0.17438 -0.108305 2.49156 
-0.044061 0.0918138 -2.49792 
0.0976529 -0.232207 2.48728 
-0.0407859 0.0449223 -2.49926 
0.0144251 -0.137168 2.49619 
-0.0428773 0.125799 -2.49646 
0.234594 -0.194446 2.48136 
-0.171469 0.147172 -2.48977 
-0.0546923 -0.0280513 2.49924 
0.178886 -0.0899481 -2.49197 
0.113691 0.125133 2.49428 
0.164978 -0.0621497 -2.49378 
-0.136175 -0.108403 2.49393 
0.13544 0.0328225 -2.49611 
0.204385 -0.138663 2.48777 
0.0973606 -0.0894179 -2.4965 
-0.0466088 0.113602 2.49698 
0.034988 -0.151533 -2.49516 
-0.161544 0.0163419 2.49472 
0.0108587 -0.0332441 -2.49976 
-0.092003 0.147903 2.49392 
0.159974 -0.311242 -2.47539 
-0.28465 -0.180412 2.47718 
0.264945 0.164873 -2.48045 
-0.0529969 0.114748 2.4968 
-0.242395 -0.284644 -2.47189 
-0.0675012 0.0837959 2.49768 
-0.00822182 0.136655 -2.49625 
0.0655207 -0.212157 2.49012 
0.20396 0.197986 -2.48379 
-0.0723427 -0.18422 2.49215 
-0.1951 0.0756078 -2.49123 
0.342266 -0.217225 2.46691 
0.0445591 0.251869 -2.48688 
0.138986 -0.255194 2.48305 
-0.144627 -0.0608342 -2.49507 
0.0548203 -0.113948 2.4968 
-0.0446687 0.134572 -2.49598 
-0.100412 -0.2793 2.48232 
0.102661 0.161035 -2.49269 
-0.132477 -0.161842 2.49124 
0.0961921 0.1191 -2.49531 
0.0199952 0.0621205 2.49915 
-0.179142 -0.0580382 -2.4929 
0.0601711 -0.160571 2.49411 
-0.110824 0.0181198 -2.49748 
-0.0591016 -0.215819 2.48997 
0.167905 0.289359 -2.47751 
-0.176095 -0.20861 2.48505 
0.0373646 0.210294 -2.49086 
0.171505 -0.196588 2.48635 
-0.0214463 0.177039 -2.49363 
-0.323853 -0.0343134 2.4787 
0.00838 0.386374 -2.46995 
0.019911 -0.22702 2.48959 
0.0685906 0.00284934 -2.49906 
-0.20479 -0.114418 2.48897 
0.0513472 0.0317129 -2.49927 
0.0258101 -0.115916 2.49718 
0.0670626 0.311969 -2.47955 
0.18846 -0.204521 2.48448 
0.0998455 0.000212997 -2.49801 
-0.0149373 -0.182318 2.4933 
-0.153523 -0.143851 -2.49113 
0.0400147 0.13379 2.4961 
-0.185426 -0.027929 -2.49296 
0.319121 0.0875834 2.478 
-0.247211 -0.0100747 -2.48773 
0.262754 -0.0926784 2.48443 
-0.375692 0.0263914 -2.47147 
0.307707 -0.0936041 2.47922 
-0.327198 0.0544062 -2.4779 
0.143418 -0.124626 2.49277 
-0.237314 -0.0222135 -2.48861 
0.160823 0.0121187 2.49479 
0.0816512 -0.0380132 -2.49838 
0.107293 -0.20386 2.48936 
-0.0536169 -0.0350865 -2.49918 
0.0767429 0.0113942 2.4988 
-0.203912 0.131182 -2.48821 
-0.0313593 -0.298626 2.4819 
-0.0988679 0.187356 -2.49101 
0.210032 -0.323229 2.4701 
-0.0507638 0.0614115 -2.49873 
0.0994041 -0.0163624 2.49797 
-0.121087 0.146645 -2.49276 
0.130481 -0.0511033 2.49607 
-0.0247104 0.229438 -2.48933 
0.126474 -0.215721 2.48746 
-0.092142 0.21309 -2.4892 
0.00903338 -0.127967 2.49671 
-0.019166 0.0519289 -2.49939 
-0.081033 -0.28865 2.48196 
-0.294038 0.391169 -2.45164 
-0.202515 -0.283573 2.4756 
-0.324467 -0.201529 -2.47065 
0.246633 0.1691 2.48205 
-0.414765 -0.0618388 -2.46458 
0.497139 0.201779 2.44175 
-0.200479 -0.186141 -2.48499 
0.313646 0.194488 2.47261 
-0.124631 -0.135521 -2.49321 
0.192376 0.139816 2.48866 
-0.0557914 0.0286798 -2.49921 
0.389929 0.0412415 2.46906 
-0.0236431 0.125594 -2.49673 
-0.165834 0.00917309 2.49448 
-0.0468246 0.334893 -2.47703 
0.18515 -0.175475 2.48695 
-0.338471 0.212092 -2.46788 
0.257927 -0.349164 2.46202 
0.0782382 0.0994432 -2.4968 
0.126943 -0.156743 2.49185 
-0.00589448 0.0322073 -2.49979 
-0.00601585 -0.145677 2.49574 
-0.0504431 0.177536 -2.49318 
-0.0789495 -0.149818 2.49426 
-0.130355 0.160355 -2.49144 
0.210649 -0.207092 2.48249 
-0.362234 -0.0525642 -2.47306 
0.232348 -0.0750525 2.48805 
0.0321226 0.121618 -2.49683 
0.401264 -0.14686 2.46321 
-0.212098 -0.240824 -2.47932 
0.331042 -0.115899 2.47527 
0.0289599 0.0906649 -2.49819 
0.327298 0.0251118 2.47836 
-0.213486 0.0423507 -2.49051 
0.226901 0.12545 2.48652 
-0.114037 0.0289318 -2.49723 
0.382731 -0.253682 2.45747 
0.162241 0.29391 -2.47736 
0.211531 -0.0634239 2.49023 
-0.214331 -0.0946742 -2.489 
0.275864 -0.0154842 2.48468 
0.0170743 0.075378 -2.49881 
0.0311086 0.148345 2.4954 
0.00802172 0.153464 -2.49527 
0.0615918 0.0108552 2.49922 
-0.0373816 0.0140889 -2.49968 
0.144739 -0.32511 2.47454 
-0.0466423 0.0195637 -2.49949 
0.0771262 0.0196719 2.49873 
0.237569 0.102777 -2.48656 
0.227003 -0.147122 2.48532 
0.160705 0.12587 -2.49165 
-0.470217 -0.118616 2.45251 
0.0965489 0.120018 -2.49525 
0.183769 -0.211942 2.48421 
-0.1268 0.192997 -2.48931 
-0.122771 -0.15659 2.49207 
-0.0619172 0.257215 -2.48596 
0.135378 -0.162662 2.49103 
-0.0627221 0.310727 -2.47982 
0.119357 -0.234605 2.4861 
-0.35152 0.0631024 -2.47436 
0.472817 0.0763752 2.45369 
-0.0374819 0.0742136 -2.49862 
0.129157 0.0529787 2.4961 
-0.200816 0.101599 -2.48985 
-0.0254923 0.0109902 2.49985 
0.0362024 -0.0286885 -2.49957 
0.191464 -0.120192 2.48976 
-0.0399987 0.191409 -2.49234 
-0.0486747 -0.438058 2.46084 
-0.253994 -0.26974 -2.47239 
0.181905 -0.108991 2.49099 
0.129787 0.182968 -2.48992 
-0.0506721 -0.215352 2.49019 
-0.0566858 0.227622 -2.48897 
-0.00711526 0.0825023 2.49863 
0.196942 0.245151 -2.48014 
-0.253418 -0.318286 2.46667 
-0.120605 -0.112777 -2.49454 
0.123747 0.078018 2.49572 
0.00344105 -0.0227341 -2.49989 
-0.0735718 -0.0136426 2.49888 
0.10038 0.398096 -2.46606 
-0.130344 -0.230308 2.48595 
0.00217992 0.166477 -2.49445 
-0.11061 -0.163866 2.49217 
-0.0787554 0.107968 -2.49643 
0.0574948 -0.0427251 2.49897 
0.00870058 0.082433 -2.49863 
-0.173658 0.0600004 2.49324 
0.16106 -0.0176317 -2.49474 
0.149054 -0.30874 2.47638 
-0.412091 0.0913203 -2.46411 
-0.0158189 0.23117 2.48924 
-0.216512 0.00989996 -2.49059 
0.297624 -0.120794 2.47928 
-0.146122 0.276161 -2.4804 
0.258449 -0.173604 2.48054 
-0.0573583 0.183604 -2.49259 
0.277736 -0.215331 2.47518 
-0.00468362 -0.0858574 -2.49852 
-0.118396 -0.125911 2.49402 
-0.265162 0.298279 -2.46794 
0.123467 -0.267068 2.48263 
-0.173597 0.0525718 -2.49341 
-0.0155793 -0.134711 2.49632 
-0.0761467 0.0127334 -2.49881 
0.313537 0.0397355 2.47994 
-0.206707 0.0321056 -2.49123 
-0.184198 -0.303689 2.47464 
-0.196041 0.119899 -2.48942 
0.216235 -0.194018 2.48306 
-0.0596504 -0.0471912 -2.49884 
-0.292942 0.0738042 2.48168 
0.334063 0.0714372 -2.47655 
0.170266 -0.201323 2.48606 
-0.318513 0.0286804 -2.47946 
0.0647828 -0.0018949 2.49916 
0.145477 -0.0836802 -2.49436 
0.0351324 -0.190223 2.4925 
0.0494149 0.0949344 -2.49771 
0.0252637 -0.0320921 2.49967 
-0.0989582 0.0117011 -2.49801 
-0.0231387 0.301694 2.48162 
-0.262849 -0.0814387 -2.48481 
0.223203 0.00727922 2.49001 
-0.197837 0.0588889 -2.49146 
0.382884 0.0124782 2.47047 
-0.171415 0.0978724 -2.4922 
0.109835 -0.0862872 2.4961 
-0.0508147 0.126295 -2.49629 
0.139004 -0.284384 2.47988 
0.0767176 0.175958 -2.49262 
-0.00661951 -0.177447 2.49369 
-0.173066 0.0401573 -2.49368 
0.202755 -0.185545 2.48485 
-0.325628 0.0931757 -2.47695 
-0.073511 0.0583584 2.49824 
-0.136286 0.0873482 -2.49475 
0.0064408 -0.201246 2.49188 
-0.01287 0.169855 -2.49419 
-0.0724421 -0.252064 2.48621 
-0.142364 0.280287 -2.48016 
-0.0453899 -0.235582 2.48846 
0.164799 -0.123784 -2.49149 
0.047759 0.290084 2.48265 
-0.159964 0.129275 -2.49153 
-0.0392348 0.0983941 2.49775 
-0.164708 -0.174495 -2.48846 
-0.016901 0.0838549 2.49854 
0.0159999 -0.0768554 -2.49877 
0.00115618 -0.0120107 2.49997 
-0.153521 -0.219697 -2.48559 
0.0790892 0.0104179 2.49873 
0.0737724 0.0559331 -2.49829 
0.172885 0.115867 2.49132 
0.0334963 0.0993494 -2.4978 
0.22619 0.178213 2.48336 
0.0257217 0.165934 -2.49435 
0.0724813 -0.202598 2.49072 
0.0163029 0.17417 -2.49387 
0.0978063 -0.342703 2.47447 
-0.148263 0.153563 -2.49087 
0.093775 -0.100206 2.49623 
0.0909855 0.105292 -2.49612 
0.0104177 0.0154338 2.49993 
-0.0116089 0.234417 -2.48896 
0.131075 -0.187131 2.48954 
0.0609998 0.323654 -2.47821 
-0.0447391 -0.0258456 2.49947 
-0.141749 0.0699463 -2.495 
-0.0576102 -0.0522757 2.49879 
0.0409425 0.177656 -2.49334 
-0.200396 0.0430038 2.49158 
-0.00388404 0.175413 -2.49384 
0.0941456 -0.0482842 2.49776 
0.0388522 0.0967997 -2.49782 
-0.283961 -0.153842 2.47905 
0.267845 -0.194981 -2.47795 
-0.126216 -0.0424609 2.49645 
-0.114557 -0.0292249 -2.4972 
0.281398 0.0280059 2.48395 
-0.0560915 0.0695515 -2.4984 
0.116354 -0.0332467 2.49707 
-0.10127 -0.1455 -2.49371 
0.178716 -0.0437504 2.49322 
-0.155981 0.103263 -2.49299 
0.144535 -0.0108879 2.49579 
0.204887 0.103335 -2.48945 
0.117445 0.0123566 2.49721 
-0.133484 0.00182622 -2.49643 
-0.0184492 -0.133126 2.49638 
-0.0742683 -0.0666821 -2.49801 
-0.14044 0.161583 2.49082 
0.211791 0.153444 -2.48628 
-0.112347 -0.147506 2.49311 
0.129922 0.103416 -2.49448 
0.0458091 -0.0987481 2.49763 
-0.0414004 0.245344 -2.48759 
-0.16348 -0.204943 2.48622 
-0.0691656 0.124088 -2.49596 
0.160043 -0.134034 2.49127 
-0.12161 -0.160186 -2.4919 
-0.117106 0.0703776 2.49626 
0.065381 0.223225 -2.48916 
0.0529708 0.0788406 2.49819 
-0.243481 0.17126 -2.48221 
-0.0973923 -0.135858 2.49441 
-0.130365 0.208238 -2.4879 
-0.144704 -0.170363 2.48999 
0.107991 0.345288 -2.47368 
-0.0443671 -0.290458 2.48267 
-0.0481867 0.0615352 -2.49878 
0.117881 -0.195832 2.48953 
0.0611132 0.16875 -2.49355 
0.0692936 -0.101389 2.49698 
-0.155068 0.138431 -2.49134 
0.117016 0.0532131 2.49669 
-0.17504 0.338185 -2.47083 
-0.0497046 -0.340196 2.47625 
-0.14203 0.0819682 -2.49462 
-0.0664854 -0.00692607 2.49911 
0.000890588 0.182315 -2.49334 
0.154722 -0.394663 2.4638 
-0.124794 -0.288105 -2.48021 
-0.237178 -0.0169959 2.48867 
-0.256131 0.2971 -2.46903 
0.541025 -0.0155113 2.44071 
-0.125481 0.00467178 -2.49684 
0.0468439 -0.246439 2.48738 
-0.203949 0.0157381 -2.49162 
0.168503 0.183944 2.48752 
-0.17342 0.0880033 -2.49242 
0.0886014 0.197411 2.49062 
-0.146693 0.0743526 -2.49458 
-0.0540043 -0.212142 2.4904 
-0.208934 0.204553 -2.48284 
0.140777 -0.138532 2.49219 
-0.156221 0.15383 -2.49037 
0.21208 -0.104023 2.48882 
-0.305318 0.103323 -2.47913 
0.0695706 -0.252092 2.48628 
0.0091828 0.370807 -2.47233 
0.0345885 -0.00771355 2.49975 
0.078562 -0.0777819 -2.49755 
0.0819268 -0.146814 2.49434 
-0.0207847 -0.275007 -2.48474 
0.0919207 -0.0337762 2.49808 
-0.0729228 0.0903428 -2.4973 
0.104201 0.0323674 2.49762 
-0.272951 0.0528578 -2.48449 
0.0809808 -0.0906291 2.49704 
-0.14405 -0.0732589 -2.49477 
-0.0449278 -0.177641 2.49328 
-0.2257 0.121183 -2.48684 
0.213105 0.0705151 2.4899 
-0.212986 0.0384631 -2.49061 
0.225166 0.227647 2.47941 
-0.147259 0.10103 -2.49361 
0.004814 -0.201573 2.49186 
-0.206957 -0.309495 -2.47212 
0.181694 0.0988861 2.49143 
-0.0896708 -0.271773 -2.48357 
0.293131 0.23586 2.47153 
-0.0808466 0.0581576 -2.49802 
-0.0641531 -0.203635 2.49087 
-0.00756377 0.321576 -2.47922 
0.199396 -0.175253 2.48587 
-0.00316544 -0.01606 -2.49995 
-0.0219926 -0.11436 2.49729 
-0.21187 0.166732 -2.48542 
0.174425 0.0861518 2.49242 
-0.248388 0.198528 -2.4797 
0.245408 0.0211478 2.48784 
-0.0572623 -0.0358153 -2.49909 
0.189436 -0.099146 2.49084 
-0.161612 -0.0277907 -2.49462 
-0.0173872 -0.125715 2.49678 
-0.100122 0.341098 -2.4746 
0.203802 -0.217355 2.48218 
-0.250441 0.144305 -2.48323 
0.285232 -0.216392 2.47423 
-0.150046 -0.0925085 -2.49378 
-0.0553381 -0.065203 2.49854 
-0.167942 0.0633943 -2.49355 
0.202061 -0.176304 2.48558 
-0.123959 0.19745 -2.48911 
0.0691989 -0.0711052 2.49803 
-0.133999 0.306466 -2.47752 
0.188331 0.0858265 2.49142 
0.0904541 0.191784 -2.49099 
-0.032125 0.161087 2.4946 
-0.182071 0.249958 -2.4808 
0.147301 -0.0344177 2.49542 
-0.154219 -0.180721 -2.48869 
0.126786 0.274437 2.48165 
-0.215386 0.102792 -2.48858 
0.143616 -0.208498 2.48715 
-0.0668795 0.136071 -2.4954 
0.0343297 -0.316417 2.47966 
-0.0464318 0.438755 -2.46076 
0.305143 -0.149674 2.47679 
-0.193394 0.449222 -2.45169 
0.0371194 -0.211009 2.4908 
-0.207149 0.181118 -2.48481 
0.410541 -0.268287 2.45142 
-0.146827 0.209587 -2.48687 
-0.0413056 -0.289395 2.48285 
0.0607418 0.127411 -2.49601 
0.159863 0.0968764 2.493 
-0.219157 0.139494 -2.48647 
-0.0772716 -0.336593 2.47603 
0.0146096 0.0398631 -2.49964 
0.14929 -0.0264761 2.4954 
-0.17524 -0.0698099 -2.49287 
0.060484 -0.322165 2.47842 
-0.231114 -0.0638369 -2.48848 
-4.87443e-05 -0.193463 2.4925 
-0.0684972 0.343205 -2.47538 
-0.0439689 -0.20086 2.49153 
-0.207239 -0.11057 -2.48894 
0.135144 0.168112 2.49068 
-0.123098 -0.207102 -2.48836 
0.0620237 0.0718396 2.4982 
0.264737 0.220791 -2.47612 
-0.0740903 0.00387043 2.4989 
-0.159935 -0.0888943 -2.49329 
0.10484 0.072202 2.49676 
-0.0170609 0.134723 -2.49631 
0.206681 -0.2151 2.48214 
0.0406429 0.0126315 -2.49964 
-0.0449233 -0.237918 2.48825 
0.0105369 0.12503 -2.49685 
0.131563 -0.165824 2.49102 
-0.124473 0.316479 -2.47676 
0.0829373 -0.130169 2.49523 
0.156853 0.211653 -2.48608 
0.0229097 0.0289051 2.49973 
0.0777744 0.279358 -2.48313 
-0.142626 -0.262835 2.48205 
0.0765671 0.0916228 -2.49715 
0.0816971 -0.0583511 2.49798 
-0.0680941 0.159154 -2.494 
-0.0702644 -0.0515674 2.49848 
-0.0464349 -0.318127 -2.47924 
-0.225401 0.21453 2.48056 
0.0173206 0.179958 -2.49345 
0.211088 0.169804 2.48528 
-0.234548 0.155987 -2.48408 
0.380444 0.117163 2.4681 
0.196526 -0.0538067 -2.49168 
0.0349946 -0.171081 2.49389 
0.0206885 0.0124989 -2.49988 
0.335115 -0.251586 2.46463 
0.15561 -0.0120226 -2.49512 
-0.0751307 0.00861093 2.49886 
-0.0822562 0.0432932 -2.49827 
-0.125629 -0.162469 2.49155 
-0.268844 -0.127303 -2.48224 
0.171607 -0.202606 2.48586 
-0.071629 0.023517 -2.49886 
0.187275 -0.107088 2.49067 
-0.0936295 0.219456 -2.48859 
0.280832 -0.170048 2.47835 
-0.0707301 0.0839156 -2.49759 
0.0536308 0.0716952 2.4984 
0.0387423 -0.0206498 -2.49961 
0.301776 -0.0509811 2.4812 
-0.100455 -0.0737853 -2.49689 
-0.163756 -0.284807 2.47832 
0.023531 0.141019 -2.49591 
0.00158608 -0.0835229 2.4986 
0.019366 0.261749 -2.48618 
0.120991 -0.0955139 2.49524 
0.314814 0.120198 -2.47718 
0.0102014 -0.135576 2.4963 
-0.0851468 0.338363 -2.47553 
-0.297265 -0.0514019 2.48173 
0.0512735 -0.0816993 -2.49814 
0.0886644 -0.11454 2.4958 
0.170051 0.10999 -2.49178 
0.0571859 -0.0380361 2.49906 
0.125829 0.0828498 -2.49546 
0.0846258 -0.0656681 2.4977 
0.0107787 0.0581799 -2.4993 
-0.0247864 -0.0935638 2.49813 
0.134729 -0.102631 -2.49426 
0.300751 0.139956 2.47789 
0.0626416 0.332952 -2.47694 
-0.161384 0.0691597 2.49383 
0.240478 0.0966034 -2.48653 
0.00591102 -0.107047 2.4977 
-0.0446084 0.0992135 -2.49763 
0.0915723 0.0222017 2.49822 
0.0707097 0.000643261 -2.499 
0.0139872 -0.337173 2.47712 
0.197921 -0.147841 -2.48776 
0.0673342 -0.164867 2.49365 
-0.17511 0.182955 -2.48714 
0.0478576 -0.357754 2.47381 
0.0476664 0.0177894 -2.49948 
0.0994366 -0.160498 2.49286 
0.0401795 0.212223 -2.49065 
0.0447792 -0.0314319 2.4994 
-0.00782123 0.221444 -2.49016 
0.218123 -0.190046 2.4832 
-0.154636 0.3703 -2.46758 
0.118904 0.0208597 2.49708 
-0.267452 0.233702 -2.47464 
-0.0649396 -0.471192 2.45434 
-0.37547 0.176761 -2.46531 
0.13726 -0.245412 2.48414 
-0.383239 -0.128106 -2.46713 
0.186684 -0.0469679 2.49258 
-0.119986 0.0461931 -2.49669 
0.277145 -0.170312 2.47875 
0.209426 0.15573 -2.48634 
-0.15731 -0.0789844 2.4938 
-0.181696 0.107863 -2.49105 
-0.0081081 -0.0338855 2.49976 
-0.00888383 0.358767 -2.47411 
0.0385317 -0.176961 2.49343 
-0.0705485 0.364374 -2.4723 
-0.0483325 -0.384201 2.46983 
-0.173977 -0.0130465 -2.4939 
0.286903 0.0951195 2.48166 
-0.0844778 0.242447 -2.48678 
0.105504 -0.255685 2.48465 
0.155694 0.176839 -2.48887 
0.0881854 -0.0949507 2.49664 
0.038413 0.272347 -2.48482 
-0.0360047 -0.0949394 2.49794 
-0.00920892 -0.0268744 -2.49984 
0.169313 -0.0178166 2.4942 
0.00794534 0.255682 -2.48688 
0.161408 -0.00557688 2.49478 
-0.459258 0.0693683 -2.45648 
0.228417 0.102937 2.48741 
0.0618363 0.289623 -2.4824 
0.334342 -0.288519 2.46069 
-0.270446 -0.060633 -2.48459 
0.339027 -0.168867 2.47114 
-0.200417 0.0827142 -2.49058 
0.248326 -0.142314 2.48356 
-0.00358228 0.0385159 -2.4997 
0.10601 0.176475 2.49151 
-0.139568 0.111675 -2.4936 
0.106916 -0.0588453 2.49702 
0.0135573 0.113781 -2.49737 
0.0620502 -0.0397054 2.49891 
0.123193 -0.0802313 -2.49567 
-0.153423 -0.220385 2.48554 
-0.14293 0.155746 -2.49105 
0.325806 -0.341279 2.45507 
-0.199854 0.0695136 -2.49103 
0.203341 -0.0736236 2.49063 
-0.298738 0.06704 -2.48118 
0.133732 -0.187086 2.4894 
-0.0817761 0.080498 -2.49737 
0.233613 0.00292488 2.48906 
-0.317369 0.270333 -2.46499 
-0.031766 -0.100814 2.49776 
-0.00912105 -0.101333 -2.49793 
0.465111 0.098351 2.45438 
-0.0359551 0.233938 -2.48877 
-0.190632 -0.153969 2.48796 
0.165025 0.284277 -2.4783 
0.265377 -0.32702 2.46427 
-0.0266552 0.0378364 -2.49957 
-0.0645651 -0.132961 2.49563 
0.0467847 0.0442846 -2.49917 
-0.114461 0.15698 2.49244 
-0.110002 0.278397 -2.48201 
-0.0875055 -0.253765 2.48555 
-0.0378181 0.10302 -2.49759 
0.12629 -0.173044 2.4908 
0.179592 -0.0421004 -2.49319 
-0.121077 0.0861845 2.49558 
-0.179633 -0.109841 -2.49112 
0.0378222 -0.231649 2.48896 
-0.171523 -0.150006 -2.48959 
0.0532044 0.0410577 2.4991 
-0.100344 0.158521 -2.49295 
-0.0596231 -0.0441825 2.4989 
0.112722 0.100863 -2.49542 
0.00759928 0.288382 2.4833 
-0.0563218 -0.0738043 -2.49828 
0.180963 0.0802901 2.49215 
-0.224041 -0.0180658 -2.48988 
0.147253 -0.0128823 2.49563 
-0.0469871 0.076681 -2.49838 
-0.0505915 -0.187637 2.49244 
0.224405 -0.0122308 -2.48988 
0.0286779 -0.0544737 2.49924 
-0.130376 -0.0689477 -2.49565 
-0.238657 -0.181155 2.48198 
-0.0764025 0.0021171 -2.49883 
-0.113433 -0.21277 2.48835 
0.0206678 0.110044 -2.49749 
-0.194467 0.0945662 2.49063 
-0.029509 0.355785 -2.47438 
0.111951 -0.0892118 2.4959 
-0.234536 0.105106 -2.48675 
0.211544 -0.138229 2.4872 
0.133205 0.0694249 -2.49548 
0.190423 0.0748226 2.49161 
0.247953 -0.0422663 -2.48731 
0.136178 -0.0279287 2.49613 
-0.132544 0.0629886 -2.49569 
0.322807 0.0254541 2.47894 
-0.110128 -0.115856 -2.49488 
0.0627838 -0.210384 2.49034 
-0.260188 -0.114564 -2.48378 
0.0950361 -0.115034 2.49554 
-0.0741091 0.208091 -2.49022 
0.154591 0.00435466 2.49521 
-0.0395403 -0.160296 -2.49454 
0.0773229 0.0500273 2.4983 
-0.0970799 -0.442252 -2.45866 
0.275629 0.173113 2.47872 
0.0539554 0.45406 -2.45783 
0.236794 -0.142392 2.48468 
-0.21409 0.1548 -2.486 
0.0010345 -0.14913 2.49555 
0.0664265 0.288538 -2.4824 
-0.138374 -0.022904 2.49606 
-0.176457 0.00163755 -2.49376 
0.205641 -0.177426 2.4852 
-0.296837 0.10083 -2.48027 
0.107567 -0.174859 2.49156 
-0.0333547 -0.175715 -2.49359 
0.233157 -0.0796116 2.48783 
-0.379626 0.0556106 -2.47038 
0.0251802 -0.221455 2.49004 
-0.0678081 0.10631 -2.49682 
0.289975 0.205566 2.4746 
-0.608789 0.259348 -2.41083 
0.264016 -0.353008 2.46083 
-0.263052 0.170358 -2.48028 
0.245064 -0.102569 2.48584 
-0.0448297 0.0751547 -2.49847 
0.155975 -0.137037 2.49136 
-0.139705 0.183573 -2.48933 
-0.0732112 -0.188061 2.49184 
-0.112502 -0.191845 -2.49009 
-0.1587 0.0620077 2.49419 
-0.231984 -0.0504192 -2.4887 
-0.00429818 -0.13941 2.49611 
-0.209614 0.0781663 -2.48997 
0.324473 -0.15433 2.47405 
-0.117817 -0.00695529 -2.49721 
0.153274 0.159781 2.49018 
-0.198862 -0.102908 -2.48995 
0.183929 -0.13535 2.48955 
-0.103957 -0.066292 -2.49696 
-0.0545946 0.13418 2.4958 
-0.131096 0.174469 -2.49046 
-0.107267 -0.208295 2.489 
-0.190061 0.158772 -2.4877 
0.29585 -0.27995 2.4666 
-0.112488 0.254686 -2.48445 
0.255095 -0.104769 2.48474 
-0.0440123 0.00239839 -2.49961 
-0.0225082 -0.252935 2.48707 
-0.208268 -0.194904 -2.48367 
0.28895 -0.0800614 2.48195 
-0.177918 0.00230532 -2.49366 
0.289423 0.00564388 2.48318 
0.000446894 0.135121 -2.49635 
0.144811 -0.114931 2.49315 
-0.0332502 0.107665 -2.49746 
-0.141676 0.0130066 2.49595 
-0.361562 0.154605 -2.46888 
0.279412 -0.0167745 2.48428 
0.129714 0.100723 -2.4946 
-0.0172655 -0.231521 2.4892 
-0.0777375 0.126338 -2.4956 
0.0886524 -0.0685667 2.49749 
0.0222019 -0.0323471 -2.49969 
-0.120782 -0.0898831 2.49546 
-0.0364424 0.146307 -2.49545 
0.195387 -0.0901526 2.49072 
-0.31717 0.0472547 -2.47935 
0.200039 -0.00214613 2.49198 
-0.0543272 0.0160956 -2.49936 
0.038243 -0.162913 2.49439 
-0.0440299 0.238171 -2.48824 
0.231714 0.0473941 2.48879 
0.052574 0.00730411 -2.49944 
0.00176989 -0.299627 2.48198 
-0.0420219 0.089664 -2.49804 
0.0211127 -0.0834953 2.49852 
-0.119356 0.321177 -2.47641 
0.112731 0.098089 2.49553 
0.186127 0.0482564 -2.49259 
0.0172445 -0.279388 2.48428 
-0.014571 0.0260137 -2.49982 
0.218737 0.239732 2.47885 
-0.51072 -0.0746611 -2.44614 
0.187156 -0.391945 2.46198 
0.202984 0.0308259 -2.49156 
-0.275057 0.14121 2.48081 
0.101554 -0.346299 -2.47382 
-0.110189 -0.205108 2.48913 
-0.136436 0.182391 -2.4896 
-0.0820903 -0.0406335 2.49832 
0.186274 -0.187759 -2.48597 
-0.171016 0.239487 2.48262 
0.0711022 0.157796 -2.494 
-0.00863661 -0.324622 2.47882 
-0.0622394 0.0868175 -2.49772 
-0.0452796 0.0306649 2.4994 
0.25614 -0.268438 -2.47231 
0.0664169 -0.0370538 2.49884 
-0.0893572 0.340503 -2.47509 
-0.0401992 -0.154465 2.4949 
-0.292605 0.357791 -2.4569 
0.224221 -0.211154 2.48096 
0.126529 0.152967 -2.49211 
0.017619 -0.281893 2.48399 
-0.125642 0.187664 -2.48978 
0.123352 -0.0526787 2.4964 
0.00419217 0.0402565 -2.49967 
-0.0894446 -0.146931 2.49408 
0.0890061 0.0749479 -2.49729 
-0.146813 0.323023 2.47469 
0.156556 -0.0463217 -2.49466 
0.111343 -0.214957 2.48825 
-0.252753 0.0549747 -2.48658 
-0.13737 -0.0151934 2.49618 
-0.137215 -0.0567376 -2.49559 
-0.189783 -0.217919 2.48324 
-0.0155749 0.0695803 -2.49898 
-0.0432723 -0.260522 2.48601 
-0.0304887 0.0744181 -2.49871 
0.0372987 0.0336247 2.4995 
-0.011163 -0.144263 -2.49581 
0.0581375 0.00409098 2.49932 
-0.117386 -0.100287 -2.49523 
0.036781 0.00767559 2.49972 
-0.130508 -0.160507 -2.49143 
0.0573115 -0.00339867 2.49934 
-0.337722 0.22489 -2.46685 
0.166425 0.00346014 2.49445 
-0.116042 0.000821003 -2.49731 
0.00281535 -0.056576 2.49936 
0.162513 0.139633 -2.4908 
0.0339166 -0.0637266 2.49896 
-0.123906 -0.127679 -2.49366 
0.0791723 -0.0840741 2.49733 
0.120204 0.0246729 -2.49699 
-0.0133863 -0.093685 2.49821 
-0.273331 0.324574 -2.46373 
-0.0536091 -0.125541 2.49627 
-0.171636 -0.0538389 -2.49352 
0.282891 -0.0141631 2.4839 
0.00208146 0.254891 -2.48697 
-0.115192 -0.298193 2.47948 
-0.0383498 0.038669 -2.49941 
0.323562 -0.0444728 2.47857 
-0.35812 0.0897078 -2.47259 
0.386977 -0.0690247 2.4689 
-0.179173 0.0908161 -2.49192 
0.0893 -0.128971 2.49507 
-0.122497 0.210249 -2.48813 
-0.104719 -0.00511912 2.4978 
-0.281904 0.0292612 -2.48388 
0.551025 -0.102044 2.43638 
-0.0623404 0.00293616 -2.49922 
0.176439 -0.1341 2.49016 
0.193118 0.235521 -2.48138 
0.107864 -0.194659 2.49007 
-0.253353 -0.0798118 -2.48585 
0.354614 -0.120689 2.47178 
-0.119053 -0.158915 -2.4921 
0.133832 0.0514227 2.49589 
-0.252426 0.0950266 -2.48541 
-0.114391 0.249104 2.48493 
-0.386451 -0.112277 -2.4674 
-0.00505903 -0.0874902 2.49846 
-0.308181 0.0110063 -2.48091 
0.200496 0.111077 2.48947 
-0.210021 0.174965 -2.48501 
-0.0740771 -0.068796 2.49796 
0.189388 -0.0153285 -2.49277 
-0.116737 -0.117168 2.49452 
-0.0388559 -0.0333657 -2.49948 
-0.204507 -0.329045 2.4698 
0.00200259 0.119406 -2.49715 
0.0408551 -0.300089 2.48159 
-0.137076 0.316221 -2.47613 
-0.0948483 -0.282507 2.48218 
-0.228351 0.301758 -2.47119 
0.0630612 -0.0107357 2.49918 
0.0292634 0.271568 -2.48503 
0.194902 -0.123814 2.48931 
-0.375289 0.254227 -2.45856 
0.18994 -0.143259 2.48865 
-0.656212 -0.136585 -2.40847 
0.00986254 -0.0300624 2.4998 
-0.254251 -0.0941469 -2.48526 
0.161373 0.0618226 2.49402 
-0.0539779 0.074594 -2.4983 
0.418017 -0.0750307 2.46366 
0.0367037 -0.0791426 -2.49848 
-0.0276471 0.0881659 2.49829 
-0.0222142 -0.033957 -2.49967 
-0.0763479 -0.101139 2.49679 
-0.0439031 -0.0433397 -2.49924 
-0.0573676 0.170433 2.49352 
-0.0357854 -0.207952 -2.49108 
-0.126655 -0.135492 2.49311 
-0.0777856 -0.03498 -2.49854 
-0.0878155 0.0765081 2.49729 
-0.195633 -0.125297 -2.48918 
0.208614 -0.0185833 2.49121 
-0.0696607 0.112232 -2.49651 
-0.312821 0.063907 2.47953 
0.331792 0.0912333 -2.4762 
0.113335 0.000543794 2.49743 
0.0198703 0.0978547 -2.49801 
0.133581 -0.351759 2.47152 
0.208543 0.136691 -2.48753 
-0.19598 -0.20096 2.48419 
-0.0243682 0.0239135 -2.49977 
0.204102 -0.0888069 2.49007 
-0.224298 0.223963 -2.47982 
0.22568 0.167784 2.48413 
-0.0946231 0.14795 -2.49382 
0.194856 -0.336689 2.46955 
-0.0939062 0.101492 -2.49617 
-0.191649 -0.102055 2.49055 
0.0194715 0.0558267 -2.4993 
0.218125 0.101389 2.4884 
-0.220724 0.0392081 -2.48993 
-0.0394541 -0.147192 2.49535 
0.0942218 -0.108409 -2.49587 
-0.109554 -0.0869858 2.49608 
0.0180782 0.0105281 -2.49991 
0.125842 -0.0800781 2.49555 
-0.0516598 -0.294569 -2.48205 
0.102686 0.0925502 2.49618 
-0.0413793 0.0123296 -2.49963 
-0.0954866 0.0301623 2.49799 
-0.152972 0.062256 -2.49454 
-0.126937 0.057131 2.49612 
-0.173816 0.254517 -2.48093 
0.161488 -0.0548994 2.49417 
0.1167 -0.111722 -2.49477 
-0.0273589 0.00353647 2.49985 
0.191544 0.0879085 -2.4911 
0.00817821 -0.23466 2.48895 
-0.165834 0.180828 -2.48793 
0.0585444 -0.254754 2.4863 
-0.073282 0.232556 -2.48808 
0.479595 -0.128078 2.45022 
-0.255008 -0.103223 -2.48482 
0.179931 -0.00832796 2.4935 
-0.234147 0.176971 -2.48271 
0.308787 -0.127414 2.47758 
-0.277463 -0.0456677 -2.48414 
-0.0270404 0.0111688 2.49983 
-0.175741 0.0253834 -2.49369 
0.257161 -0.119765 2.48385 
-0.183947 0.081996 -2.49187 
-0.0251034 0.135515 2.4962 
0.160416 0.364272 -2.46811 
0.152222 -0.00383517 2.49536 
0.132938 -0.188492 -2.48934 
0.136188 -0.0107838 2.49626 
0.067801 0.387958 -2.46878 
0.0793305 -0.0934924 2.49699 
0.0294543 0.18577 -2.49291 
0.126769 0.0158618 2.49673 
0.0469625 0.261928 -2.4858 
0.0186178 -0.201824 2.49177 
-0.17948 -0.132315 -2.49004 
-0.0352033 0.0977037 2.49784 
-0.0850831 -0.0908105 -2.4969 
0.0133899 0.0109001 2.49994 
-0.023797 0.1981 -2.49203 
-0.0211751 -0.103835 2.49775 
-0.135885 -0.0779951 -2.49509 
0.179535 -0.137921 2.48973 
-0.0309823 -0.156926 -2.49488 
0.282074 -0.0309456 2.48384 
-0.264701 -0.02489 -2.48582 
0.135687 0.0244699 2.4962 
-0.486879 0.0793177 -2.45085 
0.443876 -0.192841 2.45271 
-0.24282 0.0264447 -2.48804 
-0.0411152 0.13459 2.49604 
-0.0350349 0.0381679 -2.49946 
0.0904273 -0.0889401 2.49678 
-0.287526 -0.00415969 -2.48341 
0.319705 -0.163297 2.47409 
-0.220678 0.277554 -2.47473 
-0.0171342 -0.0773508 2.49874 
0.0606321 0.187645 -2.49221 
-0.181051 -0.123345 2.49038 
-0.0443652 -0.146772 -2.49529 
0.0046209 -0.107625 2.49768 
-0.0280148 0.381604 -2.47055 
0.0267405 0.160191 2.49472 
-0.0777788 0.0747988 -2.49767 
0.0197397 -0.229631 2.48935 
0.0348531 0.0765082 -2.49859 
0.0779637 -0.258322 2.4854 
-0.253082 0.297148 -2.46934 
0.327996 -0.109221 2.47598 
-0.0692215 0.162111 -2.49378 
-0.044356 -0.314635 2.47973 
0.0243503 0.193964 -2.49235 
0.0151116 -0.0559302 2.49933 
-0.0966319 0.0564043 -2.49749 
-0.0752075 -0.290914 2.48188 
-0.0472786 0.0658277 -2.49869 
0.237385 0.039439 2.48839 
-0.0892247 -0.0398871 -2.49809 
0.00885774 0.156637 2.49507 
-0.325291 -0.078622 -2.4775 
0.228632 -0.217557 2.48 
-0.245293 -0.0827428 -2.48656 
0.299911 0.150096 2.4774 
0.071767 0.0595989 -2.49826 
0.168719 0.00355034 2.4943 
-0.232229 0.0820974 -2.48784 
0.0225128 0.0782009 2.49868 
-0.0342554 -0.0522301 -2.49922 
-0.0800988 -0.00699329 2.49871 
0.0433976 -0.0529963 -2.49906 
0.0454868 -0.0811692 2.49827 
0.0269682 0.268273 -2.48542 
0.0581422 -0.259096 2.48586 
0.0446634 -0.0361707 -2.49934 
0.0306824 0.0713337 2.49879 
-0.205028 0.243781 -2.47962 
0.250772 -0.301062 2.4691 
-0.327997 0.314047 -2.45841 
0.19134 -0.246706 2.48043 
-0.157528 0.127571 -2.49177 
0.290051 -0.234893 2.47198 
-0.077011 0.30378 -2.48028 
-0.0741263 -0.281629 2.48298 
-0.0542748 0.114127 -2.4968 
-0.0905585 0.0611255 2.49761 
0.0925734 -0.172585 -2.49232 
0.124223 0.0337215 2.49668 
-0.143369 -0.196516 -2.48814 
-0.193949 0.0303006 2.49228 
-0.0271385 0.187305 -2.49283 
-0.098445 0.0393148 2.49775 
0.158862 -0.369904 -2.46737 
0.0733541 -0.0695662 2.49796 
-0.16668 -0.272472 -2.47951 
-0.0643376 0.40307 2.46645 
-0.151917 -0.275357 -2.48014 
-0.0952875 -0.131961 2.4947 
-0.0662514 0.0895938 -2.49752 
0.16953 0.245574 2.48213 
-0.137503 -0.0906343 -2.49457 
0.0904188 0.0920852 2.49667 
-0.0427393 0.0731917 -2.49856 
-0.0635412 0.159173 2.49412 
-0.216947 0.0242122 -2.49045 
0.301189 -0.00805393 2.48178 
-0.00777455 -0.135195 -2.49633 
0.0545644 -0.00726197 2.49939 
-0.143391 -0.0558315 -2.49526 
0.217716 0.201113 2.48237 
-0.375738 0.238039 -2.46011 
0.212444 -0.323907 2.46981 
-0.149769 0.30135 -2.47725 
-0.17937 -0.0774911 2.49235 
-0.094064 0.00359211 -2.49823 
0.335318 -0.145594 2.47313 
-0.0393397 -0.0720147 -2.49865 
-0.0766793 0.0898075 2.49721 
-0.111519 0.0222692 -2.49741 
0.275241 0.0237074 2.48469 
0.00262112 0.0571978 -2.49934 
0.286186 0.0533409 2.48299 
-0.00877532 -0.0740893 -2.49889 
-0.0500027 -0.234396 2.48849 
-0.228138 0.0266563 -2.48943 
0.450087 0.179901 2.45256 
-0.168868 -0.285948 -2.47785 
0.0834714 0.0202132 2.49852 
-0.166952 -0.153492 -2.48969 
0.305749 0.23591 2.46999 
-0.32791 -0.242007 -2.46656 
0.234053 -0.176667 2.48274 
-0.240095 -0.0733133 -2.48736 
-0.180106 0.199475 2.48551 
0.0332464 0.125122 -2.49665 
0.00186584 -0.0521785 2.49945 
-0.307742 0.0295748 -2.48081 
0.021692 -0.0249837 2.49978 
-0.114996 0.0657052 -2.49649 
0.272105 0.0579537 2.48447 
-0.0487244 -0.0213635 -2.49943 
0.0179057 0.230409 2.4893 
-0.117377 0.0366157 -2.49697 
0.377596 0.0093236 2.4713 
-0.0651189 -0.107541 -2.49684 
0.0497277 -0.151488 2.49491 
-0.00508558 -0.0312217 -2.4998 
-0.0564114 -0.120787 2.49644 
0.21754 0.170565 -2.48467 
-0.201085 -0.100536 2.48987 
-0.0232355 0.127546 -2.49664 
-0.10426 -0.201754 2.48966 
0.0269167 0.448331 -2.45932 
0.0586133 -0.0459828 2.49889 
0.02615 0.0979375 -2.49794 
-0.0995383 -0.0893863 2.49642 
-0.211456 0.141446 -2.48702 
0.0199738 -0.235271 2.48882 
0.0186615 0.224118 -2.48986 
0.283092 -0.0833793 2.48252 
-0.292754 0.0653335 -2.48194 
-0.108805 0.0144278 2.49759 
-0.16195 0.20697 -2.48615 
0.616855 -0.00570401 2.4227 
-0.0503626 0.0237681 -2.49938 
-0.0251986 -0.015467 2.49983 
0.0296361 -0.0295019 -2.49965 
-0.0491863 -0.226233 2.48926 
-0.200916 0.2094 -2.4831 
0.374631 -0.0387103 2.47147 
-0.255518 0.0855206 -2.48544 
-0.0859407 0.0189775 2.49845 
-0.0749395 0.0769166 -2.49769 
0.0638052 -0.22767 2.48879 
-0.340758 -0.00598567 -2.47666 
0.434119 0.00337233 2.46202 
-0.020113 -0.152812 -2.49524 
0.254106 -0.282744 2.47093 
-0.0926652 0.09539 -2.49646 
0.262236 0.000695826 2.48621 
0.27303 0.141578 -2.48101 
0.154819 -0.0360973 2.49494 
0.00378987 0.163617 -2.49464 
-0.151302 -0.0900801 2.49379 
0.0322565 0.16274 -2.49449 
0.038322 -0.372889 2.47174 
-0.332773 0.0581471 -2.47707 
0.212113 -0.0995351 2.489 
-0.0594242 0.193195 -2.49182 
-0.157203 -0.212163 2.48602 
0.10316 0.252606 -2.48507 
0.289919 -0.104316 2.48094 
-0.30142 0.119901 -2.47886 
0.136702 -0.0649194 2.49542 
-0.322327 0.153729 -2.47436 
0.259452 -0.0926312 2.48477 
0.0041734 0.146269 -2.49571 
0.0800259 0.00486191 2.49871 
-0.0352942 0.0768485 -2.49857 
0.0168847 -0.0839448 2.49853 
0.022802 -0.13751 -2.49611 
0.200258 0.0823746 2.4906 
-0.0253154 -0.130579 -2.49646 
-0.0147134 -0.00562822 2.49995 
-0.0170167 -0.148256 -2.49554 
0.0455367 -0.162435 2.4943 
-0.413681 0.0910842 -2.46385 
0.161696 -0.00547031 2.49476 
-0.0366246 0.141129 -2.49574 
0.112697 0.0300133 2.49728 
-0.0822276 0.127246 -2.49541 
0.0256342 -0.0495705 2.49938 
0.0251465 0.0712049 -2.49886 
-0.0841131 0.220616 2.48883 
-0.0884245 0.0212911 -2.49835 
0.0454762 0.320474 2.47896 
-0.0192537 0.329639 -2.4781 
0.149051 -0.196985 2.48777 
0.0415237 -0.0654606 -2.4988 
-0.144564 -0.112621 2.49327 
-0.117817 0.0899895 -2.4956 
0.0570981 -0.140965 2.49537 
-0.264319 0.122083 -2.48299 
0.185052 -0.0926814 2.49142 
-0.191734 -0.133394 -2.48906 
0.351464 -0.0678127 2.47424 
-0.225571 -0.0388931 -2.4895 
-0.00269086 0.180189 2.4935 
-0.253589 0.175372 -2.48091 
-0.052123 -0.0924806 2.49775 
-0.227225 -0.0552396 -2.48904 
0.211278 -0.0407478 2.49072 
