-0.0242572 0.0477322 2.49943 
0.0623376 -0.0378565 -2.49894 
-0.0240414 0.0718845 2.49885 
0.0840271 0.000298306 -2.49859 
0.00877278 0.0556798 2.49936 
0.0271847 -0.0756979 -2.49871 
0.0214275 -0.0142445 2.49987 
0.038236 -0.0321124 -2.4995 
0.0579143 0.0121254 2.4993 
-0.0890926 -0.00509308 -2.49841 
0.079486 0.00399924 2.49873 
-0.0128151 0.0402204 -2.49964 
0.143829 0.0640082 2.49504 
-0.0515798 0.0475065 -2.49902 
0.0945441 0.0507517 2.4977 
-0.146679 -0.0759034 -2.49454 
-0.00265851 -0.0204935 2.49991 
-0.0960462 -0.0372731 -2.49788 
0.0655945 0.00946833 2.49912 
-0.0613875 -0.00845354 -2.49923 
-0.109955 0.0221766 2.49748 
-0.0117064 -0.0104793 -2.49995 
0.0408456 0.108589 2.49731 
0.000672174 -0.0375885 -2.49972 
0.0255344 -0.0494548 2.49938 
-0.0135332 0.0874562 -2.49843 
-0.0118876 -0.0156628 2.49992 
0.0415666 0.0330644 -2.49944 
0.022066 0.0462077 2.49948 
-0.0259426 -0.0158524 -2.49982 
-0.0136616 0.016256 2.49991 
0.0383843 0.106782 -2.49742 
-0.0121789 0.0463892 2.49954 
0.0100967 -0.0189382 -2.49991 
-0.0273247 0.0372427 2.49957 
0.0515281 0.0956661 -2.49764 
0.0744664 0.0792545 2.49763 
-0.000887035 -0.0448041 -2.4996 
0.0335498 0.0371799 2.4995 
-0.0730398 -0.0678829 -2.49801 
0.121404 0.0960024 2.4952 
-0.0213195 -0.023809 -2.4998 
0.0431035 0.0163583 2.49957 
-0.0190521 -0.0869123 -2.49842 
0.000217731 0.0318561 2.4998 
-0.065153 0.00519151 -2.49915 
0.0380461 0.0642671 2.49888 
-0.0797755 -0.0134953 -2.49869 
-0.0271379 -0.0487337 2.49938 
0.0626541 -0.0117349 -2.49919 
0.0785953 -0.0288228 2.4986 
-0.0904065 0.0604667 -2.49763 
0.0618385 -0.00131388 2.49923 
0.00824857 -0.0242412 -2.49987 
-0.0483892 0.0154572 2.49948 
-0.00744873 0.0618732 -2.49922 
0.0395495 -0.053326 2.49912 
0.00828617 0.0535395 -2.49941 
0.0325958 -0.024443 2.49967 
0.0360606 -0.00713157 -2.49973 
-0.0427204 -0.0642926 2.49881 
-0.0303553 -0.0519845 -2.49928 
0.00442426 0.0182748 2.49993 
0.00583249 0.0538911 -2.49941 
0.0111658 0.0886986 2.4984 
-0.0933289 -0.0394453 -2.49795 
0.0371266 0.0616108 2.49896 
0.0151469 -0.114588 -2.49733 
-0.00353086 0.0367305 2.49973 
-0.0145314 0.0140792 -2.49992 
0.0830251 0.027357 2.49847 
-0.0452042 -0.0417099 -2.49924 
0.00577298 0.0141488 2.49995 
-0.023422 -0.0363033 -2.49963 
0.0168297 -0.00448524 2.49994 
0.00228708 -0.0591583 -2.4993 
-0.027821 -0.0273763 2.4997 
-0.00738702 0.00408056 -2.49999 
-0.0155282 0.101775 2.49788 
-0.0345313 0.00246735 -2.49976 
0.0159752 -0.0650569 2.4991 
0.00387319 -0.0469113 -2.49956 
-0.057144 0.0397805 2.49903 
-0.0662418 -0.0320624 -2.49892 
-0.000136426 -0.0874489 2.49847 
0.0348079 0.0955312 -2.49793 
0.0410629 -0.0302164 2.49948 
-0.0420605 0.030491 -2.49946 
0.0459196 -0.0363796 2.49931 
-0.00700405 0.114235 -2.49738 
-0.10028 -0.00672635 2.49798 
-0.0405253 0.084253 -2.49825 
-0.00769969 0.0381687 2.4997 
0.00575035 0.0253065 -2.49987 
-0.0637508 -0.0317104 2.49899 
0.0596342 0.0264233 -2.49915 
0.00853551 0.0398574 2.49967 
-0.0316405 -0.00620238 -2.49979 
-0.0143413 -0.00024105 2.49996 
-0.0800105 0.00272636 -2.49872 
-0.0121885 0.07978 2.4987 
-0.0812537 -0.0325134 -2.49847 
0.000104669 0.0621346 2.49923 
0.0589062 -0.0537372 -2.49873 
-0.105359 0.100904 2.49574 
-0.0119492 0.0543459 -2.49938 
-0.00964654 0.0258904 2.49985 
-0.01576 -0.187815 -2.49289 
-0.0237787 0.00892223 2.49987 
-6.433e-06 0.0336389 -2.49977 
-0.0198142 0.0354467 2.49967 
0.0946492 -0.0711071 -2.4972 
0.00321537 -0.0435778 2.49962 
0.016734 0.0130073 -2.49991 
-0.0636951 -0.0339839 2.49896 
-0.00515756 0.0147245 -2.49995 
0.0772904 -0.0697984 2.49783 
-0.000477102 0.0615994 -2.49924 
0.0603964 0.00924175 2.49925 
-0.017089 -0.0642351 -2.49912 
0.0519347 0.00926763 2.49944 
-0.018431 0.0089709 -2.49992 
-0.0521744 0.0114275 2.49943 
-0.0155732 0.0675324 -2.49904 
0.0922416 0.0169932 2.49824 
-0.0217322 -0.0710854 -2.49889 
-0.0342382 0.0274508 2.49961 
-0.0912687 -0.0382929 -2.49804 
-0.0414153 -0.0124717 2.49963 
-0.0284348 -0.0263776 -2.4997 
0.104752 -0.016802 2.49775 
-0.0329388 -0.0270766 -2.49964 
-0.00205159 0.0182239 2.49993 
-0.0353705 -0.0306509 -2.49956 
-0.00804286 0.0316851 2.49979 
-0.0151119 0.0233871 -2.49984 
-0.055146 -0.00425487 2.49939 
-0.020696 0.0318931 -2.49971 
0.136811 0.0715838 2.49523 
0.0583159 0.00910546 -2.4993 
-0.0585191 0.0773132 2.49812 
-0.00730436 -0.0633841 -2.49919 
-0.0532118 0.0488601 2.49896 
-0.00757646 0.00850109 -2.49997 
-0.0262651 0.0638896 2.49905 
0.0563603 -0.075505 -2.49822 
-0.0323934 0.0472698 2.49934 
0.0678106 -0.0473244 -2.49863 
0.105018 -0.081494 2.49646 
-0.0136683 0.129465 -2.49661 
-0.0314152 0.0281643 2.49964 
0.0127543 -0.0191471 -2.49989 
-0.0675545 0.0250994 2.49896 
0.0401163 -0.0183646 -2.49961 
-0.0712834 -0.0192818 2.49891 
0.0334088 -0.101151 -2.49773 
-0.0590645 0.0876967 2.49776 
-0.00387242 -0.0708633 -2.49899 
0.0371178 0.010824 2.4997 
0.0215205 -0.00248621 -2.49991 
0.0681723 0.0498009 2.49857 
0.0111413 0.0622653 -2.4992 
-0.0702561 0.0197045 2.49893 
-0.0279051 -0.0866151 -2.49834 
0.0408916 0.0214946 2.49957 
-0.047364 0.0416193 -2.4992 
0.115877 -0.0259689 2.49718 
-0.0301285 -0.0297909 -2.49964 
0.0358089 -0.0281017 2.49959 
0.0482979 -0.00727002 -2.49952 
-0.0285058 -0.0570627 2.49919 
0.047868 0.0719411 -2.49851 
0.020251 0.0708516 2.49891 
0.0338186 -0.020289 -2.49969 
0.00463717 0.0494468 2.49951 
-0.0381499 -0.0418746 -2.49936 
-0.058585 0.086474 2.49782 
-0.0306644 0.00372914 -2.49981 
-0.00215894 0.0207869 2.49991 
-0.00703602 0.0526931 -2.49943 
0.115973 0.0860318 2.49583 
-0.0812247 0.077108 -2.49749 
0.0837206 -0.0119661 2.49857 
-0.0619183 -0.0477172 -2.49878 
0.0367874 0.0172951 2.49967 
0.0673165 -0.0448854 -2.49869 
0.125321 0.064128 2.49603 
-0.0471843 -0.0212999 -2.49946 
0.0150012 0.0627132 2.49917 
-0.0128377 -0.103324 -2.49783 
-0.0347333 0.0415327 2.49941 
-0.0235008 -0.0258007 -2.49976 
0.0443927 0.0883507 2.49804 
0.072015 -0.126936 -2.49574 
-0.0264516 0.0903569 2.49823 
0.0320129 -0.101798 -2.49772 
-0.0459521 0.0168067 2.49952 
-0.0369886 -0.0301635 -2.49954 
0.0372674 0.0585014 2.49904 
-0.0717071 -0.120554 -2.49606 
-0.053664 0.0544634 2.49883 
0.0270964 -0.0335461 -2.49963 
-0.0051165 0.013571 2.49996 
0.0600236 0.00437536 -2.49928 
0.0362622 0.0143658 2.4997 
-0.0252149 -0.0128171 -2.49984 
0.081459 0.0519959 2.49813 
-0.0821453 0.0544499 -2.49806 
-0.035212 -0.00774945 2.49974 
0.069359 -0.00354008 -2.49904 
0.0072649 -0.0265286 2.49985 
-0.00484687 -0.0148365 -2.49995 
-0.0872617 0.0152728 2.49843 
-0.0458033 -0.092792 -2.49786 
-0.0028479 0.0395027 2.49969 
0.00244453 0.00208905 -2.5 
-0.0868763 0.023 2.49838 
-0.0172818 -0.0775745 -2.49874 
-0.04177 0.0938784 2.49789 
0.0120797 -0.0304228 -2.49979 
0.0621057 0.0113854 2.4992 
0.0354703 -0.0512067 -2.49922 
-0.0217215 0.167804 2.49427 
0.0413672 -0.0341043 -2.49943 
0.0418635 -0.0538913 2.49907 
-0.077764 -0.0078439 -2.49878 
0.101615 0.00960659 2.49792 
-0.111654 0.0143712 -2.49746 
0.080993 -0.00637092 2.49868 
-0.0104648 -0.0518793 -2.49944 
0.0794698 0.0392232 2.49843 
-0.0869715 -0.0496918 -2.49799 
0.0346703 0.0019325 2.49976 
0.00411846 -0.0606878 -2.49926 
0.0353442 0.0547361 2.49915 
-0.00931598 0.0368478 -2.49971 
0.0667217 -0.00570942 2.4991 
-0.069198 -0.0839337 -2.49763 
0.0826505 0.044005 2.49825 
-0.0550722 0.0161557 -2.49934 
-0.00830126 -0.0346119 2.49975 
0.0893618 -0.0795599 -2.49714 
-0.0559706 0.0554019 2.49876 
0.014247 -0.0194749 -2.49988 
0.0381307 0.0398132 2.49939 
-0.0119428 0.0605236 -2.49924 
0.00892988 0.0177231 2.49992 
-0.105712 -0.059714 -2.49705 
0.059395 0.0300385 2.49911 
0.0657422 -0.0435487 -2.49876 
-0.0139448 0.0209879 2.49987 
-0.0536668 -0.0281919 -2.49926 
0.0149337 0.0271122 2.49981 
-0.0292672 -0.00971037 -2.49981 
0.000385982 0.0400048 2.49968 
0.0074904 -0.0308975 -2.4998 
-0.0584175 -0.0400561 2.499 
0.0456207 -0.00265271 -2.49958 
-0.119997 0.0253957 2.49699 
0.0540625 -0.0697611 -2.49844 
-0.0595073 0.0242283 2.49917 
0.0829304 0.0400252 -2.4983 
0.0096163 0.0232292 2.49987 
0.0323684 -0.0625321 -2.49901 
-0.00699472 -0.00342374 2.49999 
-0.0305904 -0.0558489 -2.49919 
-0.0477367 -0.0374957 2.49926 
-0.022565 -0.0383819 -2.4996 
0.0687938 0.00402641 2.49905 
-0.0764894 -0.0377122 -2.49855 
0.0786741 0.0860181 2.49728 
-0.0462168 0.0311167 -2.49938 
-0.0113958 0.0889611 2.49839 
0.0445899 0.000281208 -2.4996 
-0.0583438 -0.0330571 2.4991 
0.0449372 -0.0840956 -2.49818 
-0.00627203 0.0311123 2.4998 
0.0260141 -0.0700317 -2.49888 
-0.0193239 0.0584169 2.49924 
-0.033867 -0.0437169 -2.49939 
0.0545087 0.0691498 2.49845 
-0.0796519 -0.0490349 -2.49825 
0.0221869 0.0332245 2.49968 
-0.0433484 0.0341225 -2.49939 
-0.0396827 0.0537651 2.49911 
-0.00911149 -0.0615291 -2.49923 
0.0179596 0.0423517 2.49958 
-0.041589 -0.0475744 -2.4992 
0.0177551 -0.020678 2.49985 
-0.0871302 -0.00520707 -2.49848 
0.0795607 0.0521461 2.49819 
-0.0313446 -0.0386591 -2.4995 
-0.039973 -0.0887466 2.4981 
0.00471234 0.00648893 -2.49999 
0.048024 0.0383048 2.49925 
-0.0351858 -0.00816186 -2.49974 
0.0256919 0.0368769 2.4996 
0.019078 -0.105005 -2.49772 
0.0776425 0.0299779 2.49861 
-0.0322652 0.0290932 -2.49962 
0.0451733 0.0356262 2.49934 
-0.0684416 -0.00132905 -2.49906 
0.0135294 0.0763085 2.4988 
0.00221199 -0.0726165 -2.49894 
-0.00244237 0.114736 2.49736 
0.0238318 0.0275683 -2.49973 
-0.0223628 0.040385 2.49957 
0.00875502 0.0310553 -2.49979 
0.0858041 -0.0614315 2.49777 
-0.00990233 0.0914109 -2.49831 
0.0154047 0.00415978 2.49995 
-0.0286845 -0.015158 -2.49979 
0.00687329 -0.0857152 2.49852 
-0.0439741 0.0393405 -2.4993 
0.0571534 -0.115609 2.49667 
-0.0029896 0.0653779 -2.49914 
0.00415416 -0.0316076 2.4998 
-0.00712239 -0.0121285 -2.49996 
0.0315094 0.0436923 2.49942 
-0.00937186 0.0442761 -2.49959 
0.0124267 0.0568108 2.49932 
-0.0633464 -0.0225349 -2.4991 
-0.0339266 0.0127045 2.49974 
0.0351346 -0.016355 -2.4997 
-0.00755784 0.0091401 2.49997 
0.0128102 -0.0355954 -2.49971 
0.016165 -0.0304099 2.49976 
0.0250103 0.0657849 -2.49901 
-0.00219551 0.0081049 2.49999 
-0.0315877 0.0182579 -2.49973 
0.0488002 0.0195577 2.49945 
-0.0363709 -0.0506207 -2.49922 
0.0526898 -0.0182009 2.49938 
0.0218538 -0.0444545 -2.49951 
-0.0119078 -0.0278133 2.49982 
0.0324415 -0.0324525 -2.49958 
-0.0469171 -0.0135513 2.49952 
0.0720144 -0.0189616 -2.49889 
-0.0726008 0.0403656 2.49862 
0.0722433 0.0169564 -2.4989 
-0.08623 -0.0938272 2.49675 
-0.0190472 -0.0417165 -2.49958 
-0.0123474 0.0527559 2.49941 
0.0707011 0.00952529 -2.49898 
0.0575488 -0.00537351 2.49933 
0.0374454 -0.0187497 -2.49965 
-0.0046281 -0.0630389 2.4992 
0.0278134 -0.0067032 -2.49984 
0.0138626 0.0196216 2.49988 
0.0295586 -0.0579509 -2.49915 
0.0431744 -0.0412402 2.49929 
-0.0268592 -0.0178215 -2.49979 
-0.0121797 -0.00852025 2.49996 
0.00868243 0.04294 -2.49962 
0.0509864 0.00678791 2.49947 
-0.038579 0.0517816 -2.49917 
-0.0558366 0.0139564 2.49934 
-0.0206847 -0.0216471 -2.49982 
-0.0622337 -0.020441 2.49914 
-0.0602421 0.0202144 -2.49919 
-0.0545385 0.0534953 2.49883 
0.0772932 -0.0403329 -2.49848 
0.0302405 0.00239246 2.49982 
-0.022443 -0.0163268 -2.49985 
0.030576 -0.0269894 2.49967 
-0.0192509 -0.0676368 -2.49901 
-0.0436929 -0.0291569 2.49945 
0.0462174 -0.0477285 -2.49912 
-0.0102679 0.0402342 2.49966 
0.0674877 0.0116348 -2.49906 
-0.13294 0.0207403 2.49638 
-0.024872 -0.0205921 -2.49979 
-0.045129 0.0263763 2.49945 
-0.0927943 -0.0698844 -2.4973 
0.00256108 0.0115429 2.49997 
-0.00589592 -0.0580683 -2.49932 
0.00127074 0.0140588 2.49996 
-0.0194547 0.0173025 -2.49986 
-0.00736242 -0.0948175 2.49819 
0.0242262 0.0489967 -2.4994 
0.0393277 0.122384 2.49669 
0.0257296 -0.0234379 -2.49976 
0.00892709 0.0296924 2.49981 
-0.0807939 -0.0648587 -2.49785 
-0.101366 -0.0456255 2.49753 
-0.00764545 0.0686895 -2.49904 
0.0180045 -0.105985 2.49769 
0.0412812 -0.00726204 -2.49965 
0.0416785 8.49868e-05 2.49965 
-0.114136 -0.00479669 -2.49739 
0.098406 -0.0105495 2.49804 
-0.0574336 -0.0105039 -2.49932 
0.0693266 -0.0453789 2.49863 
-0.105782 -0.0359454 -2.4975 
0.15629 -0.103923 2.49294 
-0.137728 0.0677073 -2.49528 
-0.01017 0.0241321 2.49986 
0.0112935 0.0108915 -2.49995 
0.0321611 0.0168795 2.49974 
-0.072087 0.00967146 -2.49894 
-0.00228734 0.00533066 2.49999 
0.0211164 -0.102047 -2.49783 
-0.0178112 0.00803113 2.49992 
0.020025 0.0248808 -2.4998 
0.0206482 -0.00178944 2.49991 
0.0268354 -0.00857232 -2.49984 
-0.0498226 0.0701107 2.49852 
-0.0228147 -0.0649189 -2.49905 
0.0638876 0.000103207 2.49918 
-0.0734197 0.0189297 -2.49885 
0.00795263 -0.015502 2.49994 
0.0245157 0.0068967 -2.49987 
0.0113839 0.0400032 2.49965 
-0.0289619 -0.00601812 -2.49982 
-0.01267 -0.0321932 2.49976 
-0.0536094 -0.0744894 -2.49831 
0.00289991 0.0872946 2.49847 
-0.0636564 0.0390877 -2.49888 
0.0227362 0.0468408 2.49946 
-0.005428 -0.122888 -2.49697 
0.0720197 0.0215975 2.49887 
-0.0959306 0.113339 -2.49559 
0.0180705 -0.0756842 2.49879 
-0.0224861 0.0664639 -2.49902 
-0.0430116 -0.00937813 2.49961 
-0.0739524 0.0470959 -2.49846 
0.111922 -0.0267349 2.49735 
-0.0212918 -0.0102056 -2.49989 
-0.0527123 -0.014237 2.4994 
-0.0409808 -0.0171185 -2.49961 
0.00532559 -0.106811 2.49771 
-0.029816 -0.0231306 -2.49972 
-0.0595617 -0.015201 2.49924 
0.00395546 -0.0259856 -2.49986 
0.00272722 -0.0513066 2.49947 
0.0793528 -0.0216137 -2.49865 
0.0977693 0.0461537 2.49766 
0.00071387 -0.00482531 -2.5 
-0.0814985 0.0327165 2.49846 
-0.0796814 0.0921993 -2.49703 
0.000591672 0.0143045 2.49996 
-0.0263642 -0.017925 -2.4998 
-0.00465162 0.0400011 2.49968 
-0.073121 -0.0543572 -2.49834 
-0.00363036 0.0474984 2.49955 
0.0602046 0.0747365 -2.49816 
0.0270232 0.0481562 2.49939 
0.0186284 -0.00205539 -2.49993 
-0.0454705 0.0426818 2.49922 
-0.0233319 -0.00684246 -2.49988 
0.00442394 0.0990805 2.49803 
-0.0783726 -0.067267 -2.49787 
-0.0020851 -0.0538409 2.49942 
-0.0174378 -0.0902886 -2.49831 
0.00564919 0.0220506 2.4999 
-0.0612942 -0.0419881 -2.4989 
0.0155172 0.0723797 2.4989 
0.0349456 -0.00999477 -2.49974 
0.079298 0.0356916 2.49849 
-0.00887426 0.0270307 -2.49984 
0.0384595 0.0115581 2.49968 
-0.0176052 -0.00415458 -2.49993 
0.00128573 -0.0422439 2.49964 
-0.00904485 0.0202942 -2.4999 
-0.0248646 -0.0132505 2.49984 
-0.112424 -0.103642 -2.49532 
0.0148379 0.0798708 2.49868 
0.0138468 -0.0556363 -2.49934 
0.0719679 0.0713288 2.49795 
-0.0847711 -0.0539266 -2.49798 
0.0165958 0.0832552 2.49856 
0.0752043 -0.0871445 -2.49735 
0.0125329 -0.0119602 2.49994 
-0.00472707 -0.00266199 -2.49999 
0.0934691 -0.0541019 2.49767 
0.0449132 -0.000403244 -2.4996 
-0.00614732 0.0669082 2.4991 
0.0415859 0.0368721 -2.49938 
-0.0141339 0.0222094 2.49986 
0.00229624 0.0358078 -2.49974 
0.0928867 0.108144 2.49593 
-0.0254044 -0.0459034 -2.49945 
0.082514 0.0263372 2.4985 
-0.01355 -0.042443 -2.4996 
-0.0522308 0.0641781 2.49863 
0.0580676 -0.0663082 -2.49845 
0.00265162 0.081388 2.49867 
0.0215567 0.00117106 -2.49991 
0.0332573 0.0747716 2.49866 
0.00237316 -0.0586066 -2.49931 
-0.0373726 0.0989353 2.49776 
-0.0118134 -0.0926588 -2.49825 
0.0954415 0.0280526 2.49802 
0.0348436 -0.0228342 -2.49965 
-0.0210881 -0.0301733 2.49973 
-0.020754 -0.0805833 -2.49861 
0.000817225 0.0274941 2.49985 
0.000270095 -0.110596 -2.49755 
0.00873718 0.0835139 2.49859 
-0.0242213 -0.0307199 -2.49969 
0.0542174 -0.0283749 2.49925 
0.0138014 0.0269893 -2.49982 
-0.0653508 0.0127227 2.49911 
0.0323097 -0.0825002 -2.49843 
0.0733983 -0.0250584 2.4988 
0.0277588 0.0852259 -2.49839 
-0.0251658 0.0156402 2.49982 
-0.0117319 -0.0166174 -2.49992 
-0.0207772 -0.0634418 2.49911 
-0.0193138 0.028182 -2.49977 
0.0142097 0.0143592 2.49992 
0.0914248 0.0159613 -2.49828 
0.0743637 0.0112239 2.49887 
-0.0405583 -0.150387 -2.49514 
-0.0736118 0.0380024 2.49863 
0.0371094 0.0212807 -2.49963 
-0.0592635 0.0178243 2.49923 
0.111214 -0.0499886 -2.49702 
-0.054265 0.0313458 2.49921 
-0.0172791 -0.0110463 -2.49992 
0.0213431 0.0453285 2.4995 
0.0502677 -0.0251565 -2.49937 
-0.101358 -0.0144425 2.4979 
0.0688476 0.0377222 -2.49877 
0.0093681 0.0299935 2.4998 
0.00742738 -0.044701 -2.49959 
-0.00139948 0.0332899 2.49978 
-0.0183669 -0.0449435 -2.49953 
0.0381595 0.0483906 2.49924 
-0.0575589 -0.0964397 -2.49748 
0.0398202 0.14445 2.49551 
0.003516 -0.0100029 -2.49998 
0.055916 0.0380325 2.49909 
-0.0238719 -0.000220125 -2.49989 
0.0447822 -0.00459238 2.49959 
0.0208155 -0.0628942 -2.49912 
0.0257715 -0.0573628 2.49921 
-0.045746 0.00121558 -2.49958 
0.0665844 -0.0263807 2.49897 
0.00457679 0.030191 -2.49981 
0.0409173 -0.00545594 2.49966 
-0.0397058 -0.132081 -2.49619 
-0.000279999 0.0170138 2.49994 
-0.0277821 -0.0410999 -2.49951 
0.0471703 0.0465463 2.49912 
-0.116633 0.00216995 -2.49728 
-0.016544 -0.00680516 2.49994 
-0.0242345 0.0801916 -2.4986 
0.0394214 0.0227776 2.49959 
-0.0044446 -0.0377392 -2.49971 
0.0614832 -0.0177362 2.49918 
-0.0485713 0.0357256 -2.49927 
-0.00515549 -0.0608172 2.49925 
-0.0218211 -0.0407172 -2.49957 
-0.024589 -0.0419477 2.49953 
-0.0534761 -0.0221613 -2.49933 
0.0459105 0.0385635 2.49928 
0.0108936 -0.0575839 -2.49931 
0.0358418 0.143017 2.49565 
0.0990536 -0.0637696 -2.49722 
0.00501405 0.000520535 2.49999 
-0.0710882 0.00646535 -2.49898 
0.0452371 0.0175913 2.49953 
-0.0119595 -0.072981 -2.49891 
-0.131878 -0.00193235 2.49652 
0.0785436 -0.0740796 -2.49767 
-0.0170234 0.0301791 2.49976 
-0.0583045 -0.0596813 -2.49861 
-0.0199071 -0.023901 2.49981 
-0.0238787 -0.0682964 -2.49895 
-0.0326574 0.0438125 2.4994 
0.0482542 0.0131991 -2.4995 
0.0195883 -0.0374197 2.49964 
-0.045621 -0.0251589 -2.49946 
0.091787 0.0546967 2.49772 
0.00968626 -0.000258124 -2.49998 
-0.0543422 0.0139328 2.49937 
-0.0693698 -0.076714 -2.49786 
0.0501017 0.0651545 2.49865 
-0.0864849 0.0258379 -2.49837 
-0.0460787 -0.0317594 2.49937 
-0.0806822 -0.00658997 -2.49869 
0.0580306 0.0156564 2.49928 
0.0606596 -0.0269348 -2.49912 
-0.00633735 0.102813 2.49788 
0.0562435 -0.0375276 -2.49909 
0.0593023 0.0594694 2.49859 
-0.0178071 0.0138492 -2.4999 
-0.0510404 0.000668707 2.49948 
-0.0715821 -0.039241 -2.49867 
-0.0728192 0.0326158 2.49873 
0.0693185 -0.0031817 -2.49904 
0.0114675 -0.0293634 2.4998 
-0.0786529 -0.022164 -2.49866 
0.073061 0.0348773 2.49869 
0.0454932 -0.0125609 -2.49955 
0.0125598 0.0999208 2.49797 
0.00281696 -0.0333596 -2.49978 
0.0950393 -0.0191581 2.49812 
-0.0464754 0.0497236 -2.49907 
-0.0140094 -0.0284142 2.4998 
0.0258158 -0.0371827 -2.49959 
-0.0251702 0.0783439 2.49865 
0.0659076 -0.00492045 -2.49913 
0.0639564 -0.021536 2.49909 
0.0820634 0.101873 -2.49658 
-0.0107105 -0.0655152 2.49912 
-0.0103245 0.111958 -2.49747 
0.0108669 -0.101846 2.4979 
-0.0138591 0.00603815 -2.49995 
0.051616 0.0138995 2.49943 
0.0502096 -0.0135227 -2.49946 
0.0274566 0.0339443 2.49962 
-0.0719616 0.00957443 -2.49895 
-0.00629495 -0.00592232 2.49999 
-0.0526081 -0.036868 -2.49917 
-0.030371 0.0644129 2.49899 
0.010204 -0.0701204 -2.499 
-0.0113377 0.0343145 2.49974 
-0.034578 -0.0333516 -2.49954 
0.000103828 -0.046389 2.49957 
0.0699064 -0.0233652 -2.49891 
-0.0697709 -0.0608051 2.49829 
0.0219392 0.0946361 -2.49811 
0.0518736 -0.0126603 2.49943 
-0.00371179 -0.0678961 -2.49908 
0.0331026 0.00921613 2.49976 
0.0650287 0.0277483 -2.499 
0.00755508 0.0400542 2.49967 
-0.0455524 -0.0336891 -2.49936 
0.0371673 0.0103364 2.4997 
0.0814138 0.0452234 -2.49826 
0.0263225 0.0635575 2.49905 
-0.00410157 -0.0310205 -2.4998 
0.0237487 0.0869849 2.49837 
0.0192174 -0.0448749 -2.49952 
-0.0284519 0.00593032 2.49983 
-0.0139552 0.0746175 -2.49885 
0.0546524 0.050014 2.4989 
0.105354 -0.0123391 -2.49775 
0.0697378 -0.0161329 2.49898 
-0.0190391 -0.0807457 -2.49862 
0.0316155 0.0856508 2.49833 
-0.0469704 0.0234746 -2.49945 
0.0653246 -0.00458113 2.49914 
0.0951967 0.0474547 -2.49774 
-0.0178811 0.0051689 2.49993 
0.00678673 -0.0113419 -2.49997 
0.00252479 -0.0118164 2.49997 
-0.0628533 -0.0868027 -2.4977 
-0.0372895 0.0265787 2.49958 
-0.0132814 0.12553 -2.49681 
0.0602694 0.0468637 2.49883 
-0.000315769 -0.0830983 -2.49862 
-0.00880284 -0.00435453 2.49998 
-0.0438677 0.0452387 -2.49921 
0.0497899 0.0733863 2.49843 
-0.0494452 -0.0110776 -2.49949 
0.000727963 0.0698984 2.49902 
-0.00613182 -0.0066057 -2.49998 
0.104168 0.107323 2.49552 
-0.0996021 0.0287018 -2.49785 
0.00497083 -0.0328398 2.49978 
0.0505094 -0.0617697 -2.49873 
-0.0331294 0.0374732 2.4995 
0.0296365 -0.0114724 -2.4998 
0.05042 0.0182462 2.49942 
-0.0151823 -0.119668 -2.49709 
-0.0340895 -0.0436095 2.49939 
-0.0152705 -0.0601548 -2.49923 
-0.0559402 0.0130632 2.49934 
0.0464101 -0.038922 -2.49927 
0.0529661 0.0136731 2.4994 
-0.0387215 0.0401293 -2.49938 
-0.0125138 0.0592814 2.49927 
-0.0254564 -0.0397703 -2.49955 
0.0495553 -0.092517 2.4978 
0.0590004 -0.0208599 -2.49922 
0.0356114 0.107019 2.49745 
-0.127901 -0.010078 -2.49671 
0.0867071 -0.0621598 2.49772 
-0.0561911 0.0365202 -2.4991 
0.0155408 -0.0460968 2.49953 
-0.0302777 0.0456929 -2.4994 
0.0475347 0.0197934 2.49947 
-0.186928 -0.0114425 -2.49298 
-0.0249825 -0.0107036 2.49985 
-0.0388972 0.00140213 -2.4997 
0.151619 -0.0110461 2.49537 
-0.0530661 -0.0221877 -2.49934 
0.0381734 0.00276735 2.49971 
-0.0787447 0.0502511 -2.49825 
-0.0220531 0.0585859 2.49922 
0.0113617 -0.0324731 -2.49976 
-0.033591 -0.017477 2.49971 
-0.0568183 0.0506307 -2.49884 
0.0727368 0.0163262 2.49889 
0.00266734 -0.0912153 -2.49833 
-0.029678 0.131264 2.49638 
-0.00717826 0.0540372 -2.49941 
-0.0436601 -0.090798 2.49797 
-0.0727373 -0.0244251 -2.49882 
0.0512613 -0.0683146 2.49854 
0.032108 0.0535256 -2.49922 
0.0915383 0.120887 2.4954 
-0.0466276 -0.0286756 -2.4994 
0.00105454 -0.00430612 2.5 
-0.0359042 -0.0483162 -2.49928 
0.0420666 0.0903068 2.49801 
0.0338609 -0.00321802 -2.49977 
0.0871108 0.0101133 2.49846 
0.00579777 -0.0430695 -2.49962 
-0.101489 0.0124934 2.49791 
-0.0308651 0.00742979 -2.4998 
0.00576742 0.0152626 2.49995 
0.033072 -0.0177693 -2.49972 
-0.0787148 0.00387892 2.49876 
-0.0602962 -0.0647074 -2.49843 
0.0573341 0.0553314 2.49873 
0.0126536 -0.0272018 -2.49982 
0.082906 0.111735 2.49613 
-0.00816776 -0.0556521 -2.49937 
-0.0542446 0.0543669 2.49882 
0.0239643 0.0209718 -2.4998 
0.0171124 0.0856417 2.49847 
-0.0194929 0.0276546 -2.49977 
0.0115993 -0.0574775 2.49931 
0.00906597 -0.0326144 -2.49977 
0.0225065 -0.0307479 2.49971 
-0.0876566 -0.0509607 -2.49794 
0.0460607 -0.00718808 2.49957 
-0.0327311 0.0172162 -2.49973 
-0.0386116 -0.0217463 2.49961 
0.0342639 -0.00104581 -2.49976 
0.0489039 0.0232351 2.49941 
-0.0120838 -0.0364098 -2.49971 
-0.083082 -0.0222792 2.49852 
-0.0381231 -0.0429607 -2.49934 
-0.0199542 -0.0527397 2.49936 
0.0570966 -0.00449003 -2.49934 
-0.150122 0.012822 2.49546 
0.00920045 -0.0786269 -2.49875 
0.00583484 0.0472749 2.49955 
0.0582844 -0.072498 -2.49827 
-0.0217664 0.141521 2.4959 
0.0258731 -0.0137871 -2.49983 
-0.0346999 0.0263339 2.49962 
0.0678512 -0.0556695 -2.49846 
0.032275 -0.00476546 2.49979 
-0.0206923 0.00854503 -2.4999 
-0.0348149 0.0075095 2.49975 
0.0353971 0.05448 -2.49916 
-0.0452441 0.0294513 2.49942 
-0.0804896 -0.0146967 -2.49866 
0.0143783 0.0555602 2.49934 
-0.0464515 -0.000603401 -2.49957 
0.0126353 0.083422 2.49858 
0.0247298 -0.0375236 -2.4996 
-0.0110782 0.123748 2.49691 
0.0129432 -0.0228194 -2.49986 
-0.0263663 -0.0446774 2.49946 
-0.0570699 -0.0584758 -2.49866 
-0.028924 0.0991112 2.49787 
0.0524896 -0.0225476 -2.49935 
0.131974 0.0839922 2.4951 
-0.0415671 0.0255681 -2.49952 
-0.0260035 0.0571332 2.49921 
-0.0521638 -0.0799721 -2.49818 
-0.0233443 0.00399274 2.49989 
0.00777617 -0.0210684 -2.4999 
-0.0467371 0.037928 2.49928 
0.0893929 -0.0398574 -2.49808 
0.0324419 0.0632261 2.49899 
-0.022933 -0.00881504 -2.49988 
-0.0392292 0.0222427 2.49959 
0.0800967 -0.11176 -2.49622 
-0.0296938 -0.087847 2.49828 
0.0176234 0.00519327 -2.49993 
-0.0730711 0.0981275 2.497 
-0.0268443 -0.039186 -2.49955 
-0.133075 -0.00173596 2.49646 
0.0530327 -0.0195037 -2.49936 
-0.0449728 -0.0296234 2.49942 
0.11715 -0.0119224 -2.49723 
0.00872335 -0.00629298 2.49998 
-0.094413 -0.00499628 -2.49821 
-0.0271477 0.0552329 2.49924 
-0.0116225 -0.018257 -2.49991 
0.0548074 0.0763929 2.49823 
0.0214784 -0.0690438 -2.49895 
-0.0226104 -0.0124715 2.49987 
-0.00257419 0.0172686 -2.49994 
0.0127897 0.0116412 2.49994 
0.0354155 -0.144288 -2.49558 
-0.0575648 0.0254906 2.49921 
-0.0579658 -0.0451048 -2.49892 
0.0561864 0.0860648 2.49789 
0.0545628 0.081928 -2.49806 
-0.0556324 0.0104763 2.49936 
-0.0901688 -0.113172 -2.49581 
0.0044723 -0.0169277 2.49994 
0.0367584 0.00858616 -2.49972 
0.000524955 -0.0217593 2.49991 
0.0112474 0.0121284 -2.49995 
0.0121631 -0.0312979 2.49977 
-0.0910479 -0.0719479 -2.49731 
-0.00595871 0.0419935 2.49964 
-0.0883046 0.00876569 -2.49842 
-0.00471217 0.0177891 2.49993 
-0.0146694 0.0037369 -2.49995 
-0.0548907 0.00246306 2.4994 
0.0431041 0.0590499 -2.49893 
-0.0462523 -0.00811649 2.49956 
0.0962729 0.0102074 -2.49812 
-0.047147 -0.0438628 2.49917 
0.0981304 0.00567826 -2.49807 
0.0894239 -0.0198832 2.49832 
-0.0115643 -0.0450081 -2.49957 
-0.0182292 0.034739 2.49969 
-0.018141 0.027925 -2.49978 
-0.070988 0.0471019 2.49855 
-0.114808 -0.0429128 -2.49699 
0.064575 -0.00404299 2.49916 
-0.0924193 -0.0632281 -2.49749 
0.037509 0.0105221 2.4997 
0.0128533 0.0174828 -2.49991 
0.0277297 0.0351801 2.4996 
0.0407554 -0.0320205 -2.49946 
-0.0228602 0.00328614 2.49989 
0.0534852 0.0420802 -2.49907 
-0.0100548 0.00321669 2.49998 
0.0522711 -0.025021 -2.49933 
0.146967 0.00705992 2.49567 
-0.0702478 0.0677901 -2.49809 
0.00410767 -0.0408885 2.49966 
-0.0613082 0.0405421 -2.49892 
0.0990921 -0.00937549 2.49802 
-0.00949204 -0.0339283 -2.49975 
-0.00451757 -0.00516741 2.49999 
-0.0379958 0.00758638 -2.4997 
0.0235025 -0.0508502 2.49937 
0.0595405 0.00822665 -2.49928 
0.0481398 0.0164691 2.49948 
-0.00648645 0.00805505 -2.49998 
0.122997 0.0600803 2.49625 
-0.0819926 0.00277288 -2.49865 
-0.0669784 0.00104601 2.4991 
-0.00922012 -0.00555038 -2.49998 
0.0502118 0.0672892 2.49859 
-0.0512341 0.0120048 -2.49945 
0.109659 -0.0339976 2.49736 
-0.0231176 -0.018568 -2.49982 
0.0541263 0.135537 2.49574 
-0.0148691 -0.083072 -2.49858 
0.0274877 0.0822496 2.4985 
-0.0696739 -0.0367658 -2.49876 
-0.0475285 0.022405 2.49945 
0.0404456 -0.107807 -2.49735 
0.0351819 0.116934 2.49702 
0.0402006 -0.0625125 -2.49889 
-0.0217998 -0.0942638 2.49813 
0.0718152 0.0125393 -2.49894 
-0.10911 0.000964764 2.49762 
-0.00990831 0.0568248 -2.49933 
0.0442646 -0.0478672 2.49915 
-0.0267011 -0.0706821 -2.49886 
0.00320771 -0.0359778 2.49974 
-0.106423 0.0215681 -2.49764 
0.0296791 0.0469795 2.49938 
-0.122729 0.0151951 -2.49694 
0.0537875 0.0457134 2.499 
0.0012068 -0.0915562 -2.49832 
0.0729743 -0.0028629 2.49893 
-0.0318455 -0.020404 -2.49971 
0.0756009 -0.0171097 2.4988 
-0.0041061 -0.0881928 -2.49844 
0.0133161 0.0621171 2.49919 
-0.0542172 -0.0420397 -2.49906 
0.042496 -0.0675182 2.49873 
-0.0162803 0.0154099 -2.4999 
0.0394597 0.0812451 2.49837 
-0.00413301 -0.0134836 -2.49996 
-0.0256136 0.00235266 2.49987 
-0.0452921 0.0480545 -2.49913 
0.0432328 0.0505041 2.49912 
0.0013104 -0.0755337 -2.49886 
0.0212312 0.0374154 2.49963 
-0.0954775 0.0106816 -2.49815 
0.00834624 0.0422277 2.49963 
-0.0157955 0.118843 -2.49712 
-0.12287 -0.00509746 2.49697 
-0.0368676 -0.0228239 -2.49962 
-0.0409279 0.0408232 2.49933 
0.0157915 0.00533947 -2.49994 
-0.0358765 0.00397045 2.49974 
0.0513127 0.0371604 -2.4992 
-0.00202323 0.0418307 2.49965 
-0.0201773 -0.0403183 -2.49959 
0.0127641 0.0277763 2.49981 
0.0496956 -0.0459249 -2.49908 
-0.0517698 -0.0760167 2.49831 
0.0274218 -0.0112431 -2.49982 
-0.0613118 0.102513 2.49714 
0.00833297 -0.0792502 -2.49873 
-0.0015008 -0.094206 2.49822 
-0.0352178 0.00949167 -2.49973 
0.00322259 0.0229688 2.49989 
0.0130608 0.0186384 -2.4999 
0.0262225 0.0348841 2.49962 
0.0109764 -0.11807 -2.49719 
0.0803519 0.0606567 2.49797 
-0.0220434 0.0188211 -2.49983 
-0.0141011 0.0632348 2.49916 
0.0624667 -0.0755781 -2.49808 
-0.0495287 0.0290739 2.49934 
-0.0804728 -0.042282 -2.49835 
-0.0134151 0.00396076 2.49996 
-0.00869663 -0.0583536 -2.4993 
-0.0537932 0.0484119 2.49895 
0.0433458 -0.0143 -2.49958 
0.0839555 0.0453975 2.49818 
0.049521 -0.0256831 -2.49938 
0.0337439 0.0139266 2.49973 
-0.124317 -0.00777114 -2.4969 
0.0299922 0.0079894 2.49981 
-0.0498923 0.0229727 -2.4994 
0.0533252 0.0771061 2.49824 
-0.0521335 0.00982811 -2.49944 
0.031768 0.00321025 2.4998 
-0.0148358 -0.133831 -2.49637 
0.00245448 -0.0181579 2.49993 
0.0194003 -0.100865 -2.49789 
0.0746251 -0.0192868 2.49881 
0.00840189 -0.0818158 -2.49865 
-0.0289265 0.0957881 2.498 
-0.0675893 -0.0140991 -2.49905 
0.0285958 -0.0644434 2.49901 
0.0446738 0.0266763 -2.49946 
-0.00244779 0.011167 2.49997 
0.00703772 -0.0235247 -2.49988 
0.0215533 0.0840263 2.49849 
0.00318773 -0.163044 -2.49468 
-0.0174156 0.0114096 2.49991 
0.0304843 0.0753535 -2.49868 
0.0341698 -0.0347255 2.49953 
0.101137 0.00204883 -2.49795 
-0.016904 0.0675981 2.49903 
-0.0234938 -0.00014913 -2.49989 
-0.0533925 -0.065068 2.49858 
0.00790611 -0.0519633 -2.49945 
-0.0366266 -0.0020928 2.49973 
0.010432 0.0855556 -2.49851 
0.0326264 0.0799928 2.49851 
-0.0432686 0.0586864 -2.49894 
0.0738149 0.00807604 2.4989 
-0.0312965 -0.05702 -2.49915 
-0.023636 -0.120489 2.49698 
0.0453081 0.0263128 -2.49945 
0.0477961 -0.0448055 2.49914 
-0.0239824 0.0536371 -2.49931 
0.0119369 -0.0467031 2.49954 
0.020689 0.0608893 -2.49917 
-0.0700397 -0.0185539 2.49895 
0.0346684 -0.0326814 -2.49955 
-0.0468916 0.00823456 2.49955 
0.0177114 0.051659 -2.4994 
-0.0538374 -0.122801 2.4964 
0.021524 0.0738561 -2.49882 
-0.0525486 0.0242305 2.49933 
-0.0986984 -0.0201549 -2.49797 
0.0226121 -0.0398451 2.49958 
-0.0400881 0.00795602 -2.49967 
0.0617677 0.111138 2.49676 
0.0558536 -0.0448267 -2.49897 
0.00128944 0.0843098 2.49858 
0.0189363 -0.0489562 -2.49945 
-0.0213256 0.0590319 2.49921 
-0.0588641 -0.0996476 -2.49732 
0.0643876 0.0589665 2.49847 
-0.0872748 -0.0633032 -2.49767 
0.0734812 0.0370113 2.49865 
0.00361819 -0.0608454 -2.49926 
0.0756734 0.102007 2.49677 
0.00298728 -0.0135207 -2.49996 
-0.0027665 0.0781936 2.49878 
0.0369676 0.0483749 -2.49926 
0.0379801 0.0663584 2.49883 
0.0271807 -0.125188 -2.49672 
0.0399969 -0.00168944 2.49968 
0.0169346 0.0463462 -2.49951 
0.0471266 -0.0372221 2.49928 
-0.0348277 -0.0158189 -2.49971 
0.0582245 0.0694691 2.49836 
-0.0421363 0.0456994 -2.49923 
-0.0352263 -0.00544599 2.49975 
0.0557419 -0.0220424 -2.49928 
-0.0095729 0.00377992 2.49998 
0.0808753 -0.0213938 -2.4986 
0.0813253 -0.0646706 2.49784 
0.0893237 -0.0262708 -2.49827 
-0.0652281 0.0320554 2.49894 
0.051726 0.0390281 -2.49916 
-0.0162676 -0.0152335 2.4999 
0.0142264 -0.0311485 -2.49977 
0.000672331 0.085097 2.49855 
-0.118415 -0.0598282 -2.49648 
0.0464981 -0.0428067 2.4992 
0.0243054 -0.00365449 -2.49988 
0.100268 0.0622152 2.49721 
-0.104514 -0.0409933 -2.49748 
0.0858334 0.0883971 2.49696 
-0.0242278 -0.111737 -2.49738 
0.0684099 0.00146926 2.49906 
-0.00382351 -0.114994 -2.49735 
0.0582122 -0.0363325 2.49906 
0.00342153 0.0118646 -2.49997 
0.00581468 0.0814391 2.49867 
0.00193171 0.00914188 -2.49998 
0.00126836 0.0842278 2.49858 
0.0071988 0.0394181 -2.49968 
-0.0393464 0.0830088 2.49831 
0.062108 0.027037 -2.49908 
-0.00795644 -0.00537045 2.49998 
0.0702283 0.00976493 -2.49899 
-0.0582378 -0.0344065 2.49908 
-0.0145265 0.0154861 -2.49991 
-0.0514309 -0.0238969 2.49936 
0.041836 0.0329398 -2.49943 
0.110147 0.0885216 2.496 
-0.041911 -0.0101505 -2.49963 
-0.0241873 0.00578534 2.49988 
0.012342 -0.0176991 -2.49991 
-0.101383 -0.0269189 2.4978 
0.0890931 -0.0430254 -2.49804 
0.0411451 0.0724253 2.49861 
0.0285062 -0.0793271 -2.49858 
-0.0142729 0.0279001 2.4998 
0.0400402 -0.0294864 -2.49951 
-0.00036783 0.0688616 2.49905 
0.0313925 0.05173 -2.49927 
0.00572018 0.00770618 2.49998 
-0.0111675 -0.00750672 -2.49996 
-0.0185023 0.0615904 2.49917 
0.0608621 0.0130175 -2.49923 
0.0728328 0.0294377 2.49877 
-0.0124775 -0.0795019 -2.4987 
0.0305598 0.0217056 2.49972 
0.0428474 0.00151448 -2.49963 
0.0445711 0.0398334 2.49929 
-0.0230336 -0.0538816 -2.49931 
-0.0353227 0.0342434 2.49952 
-0.0814478 0.0115772 -2.49865 
-0.0091071 -0.0685421 2.49904 
-0.0121061 -0.00825412 -2.49996 
0.0939974 -0.00637254 2.49822 
0.0315932 0.0514381 -2.49927 
0.05938 -0.0214916 2.4992 
0.0500522 -0.000780819 -2.4995 
0.0397109 -0.0231621 2.49958 
0.000471687 0.0251864 -2.49987 
0.0861674 0.0434359 2.49814 
-0.0482912 -0.111756 -2.49703 
-0.0399384 0.0896481 2.49807 
0.00985728 -0.0343155 -2.49975 
0.0213356 0.0110466 2.49988 
-0.0780765 0.010207 -2.49876 
0.010044 0.0688736 2.49903 
-0.072892 0.0489973 -2.49846 
0.0311851 0.0571725 2.49915 
-0.0606561 -0.0688045 -2.49832 
0.0106394 0.0711292 2.49897 
0.00957563 -0.0754529 -2.49884 
0.0760328 -0.0130583 2.49881 
-0.0709517 0.0303107 -2.49881 
0.0149254 -0.0483254 2.49949 
-0.0608062 0.0628973 -2.49847 
0.0841838 0.115937 2.49589 
-0.0891853 -0.0945187 -2.49662 
0.0779227 -0.00292867 2.49878 
0.0110359 -0.115596 -2.4973 
-0.0507991 0.107005 2.49719 
-0.0350357 -0.12236 -2.49676 
0.057879 0.0172769 2.49927 
-0.0476697 -0.117461 -2.49678 
-0.024087 0.0739285 2.49879 
0.0336444 0.00652668 -2.49977 
0.00405893 0.0131519 2.49996 
0.0315085 -0.0784276 -2.49857 
0.0643712 0.0149111 2.49913 
0.0324323 -0.0335986 -2.49956 
-0.108515 0.0484379 2.49717 
0.00305524 0.000521431 -2.5 
0.0366024 0.0997054 2.49774 
0.0134387 -0.0204129 -2.49988 
-0.0326639 0.0332264 2.49957 
-0.116247 -0.0637031 -2.49648 
-0.0285913 0.0343709 2.4996 
-0.0289313 0.0130192 -2.4998 
0.0596243 -0.0632121 2.49849 
-0.0274943 0.01322 -2.49981 
0.0247867 0.0041656 2.49987 
0.00421041 0.0342797 -2.49976 
0.0142995 -0.0720828 2.49892 
0.0229595 -0.00387269 -2.49989 
0.00682787 0.00595331 2.49998 
0.0245036 -0.00302938 -2.49988 
-0.0598543 -0.0195925 2.49921 
0.00774512 -0.0333361 -2.49977 
0.141671 0.0581237 2.49531 
0.00253913 -0.0172017 -2.49994 
0.105155 0.00597053 2.49778 
-0.152145 0.00327858 -2.49536 
0.0146694 -0.0176062 2.49989 
0.0532476 -0.0634913 -2.49863 
0.0443177 0.0459528 2.49918 
-0.097708 -0.0342845 -2.49785 
-0.0255545 0.0633114 2.49907 
0.0293416 -0.101565 -2.49776 
-0.107816 0.0892706 2.49608 
0.101569 0.00983155 -2.49792 
-0.0354672 0.0800201 2.49847 
-0.00977716 -0.0398002 -2.49966 
-0.0034477 0.0121126 2.49997 
-0.0383444 0.0292203 -2.49954 
0.0789227 -0.0458018 2.49833 
-0.0327406 -0.0279346 -2.49963 
-0.00656548 0.0331175 2.49977 
0.0272905 -0.0239153 -2.49974 
0.0845642 0.000369107 2.49857 
-0.0547807 -0.0187515 -2.49933 
-0.000992166 0.0318743 2.4998 
-0.0414246 0.0738536 -2.49857 
0.0545956 -0.0600682 2.49868 
0.0931406 0.0275222 -2.49811 
-0.0368205 -0.0476765 2.49927 
-0.0605231 0.0259556 -2.49913 
-0.130692 -0.00547904 2.49658 
0.0184505 -0.0815488 -2.4986 
0.0207445 0.0437106 2.49953 
0.0350787 -0.00719129 -2.49974 
-0.0237371 0.0461825 2.49946 
-0.0265511 -0.102916 -2.49774 
0.0501408 0.0459246 2.49908 
-0.0101683 -0.0943118 -2.4982 
0.000353576 -0.0492581 2.49951 
-0.0498543 0.0233627 -2.49939 
0.0894998 0.0400607 2.49808 
0.0767313 0.0320723 -2.49862 
0.0245311 -0.0433752 2.4995 
0.00986526 -0.0317172 -2.49978 
-0.045664 -0.068807 2.49864 
0.0264411 0.0630434 -2.49907 
0.00532398 0.0435552 2.49961 
-0.0577926 -0.0356791 -2.49908 
-0.0291608 0.0877713 2.49829 
0.0335928 0.0370519 -2.4995 
-0.0445794 0.0813235 2.49828 
-0.00707346 0.0609919 -2.49925 
0.0356233 0.047706 2.49929 
0.088217 -0.0976814 -2.49653 
0.0289975 -0.0136716 2.49979 
0.0324343 0.116474 -2.49707 
-0.00950396 -0.052304 2.49943 
0.0564516 -0.0365466 -2.4991 
0.00472249 0.138806 2.49614 
-0.105263 -0.0905253 -2.49614 
-0.0170688 -0.00454519 2.49994 
0.0815325 -0.061886 -2.4979 
-0.0446507 0.00421128 2.4996 
-0.0224122 -0.0125178 -2.49987 
0.0674856 0.0781572 2.49787 
0.0599825 0.0265679 -2.49914 
-0.00453438 -0.0118666 2.49997 
-0.001299 -0.0826457 -2.49863 
0.0264383 -0.00443824 2.49986 
0.064085 0.061036 -2.49843 
-0.0595467 -0.0320966 2.49908 
-0.0323003 -0.026722 -2.49965 
0.00357701 0.0836708 2.4986 
-0.0795843 -0.0167223 -2.49868 
-0.0841072 -0.0344814 2.49835 
0.0676092 0.0123045 -2.49906 
-0.0359881 -0.00353312 2.49974 
0.0931135 0.0174103 -2.4982 
-0.0924162 0.0109244 2.49827 
0.0455235 0.0156899 -2.49954 
-0.0239984 0.0231948 2.49978 
0.0635838 -0.0310283 -2.499 
0.000854714 -0.0157333 2.49995 
-0.0312193 -0.0106472 -2.49978 
-0.0437007 0.0273027 2.49947 
0.158659 0.0996703 -2.49297 
-0.00546581 -0.022633 2.49989 
-0.0246759 0.123721 -2.49681 
-0.050289 -0.108387 2.49714 
0.0724964 0.0398223 -2.49863 
0.0778913 0.110246 2.49635 
0.109601 0.00952474 -2.49758 
0.0514775 -0.103896 2.49731 
-0.0196229 -0.0220954 -2.49983 
-0.00855581 0.0200264 2.49991 
-0.0795488 -0.0119657 -2.49871 
-0.0580143 0.0503223 2.49882 
-0.0166287 -0.0363229 -2.49968 
0.0637244 0.0751272 2.49806 
-0.0751662 0.0417653 -2.49852 
0.0106256 0.0114412 2.49995 
-0.00587788 -0.0271729 -2.49985 
0.022365 -0.0836793 2.4985 
-0.00580734 -0.0621528 -2.49922 
0.0423212 -0.0310437 2.49945 
-0.046075 -0.0930334 -2.49784 
-0.0536555 0.0284341 2.49926 
0.0316865 0.00575266 -2.49979 
0.072518 -0.0592142 2.49825 
-0.0158556 0.10238 -2.49785 
-0.0190754 0.0123071 2.4999 
0.0360569 0.0163723 -2.49969 
-0.0663021 -0.0460744 2.4987 
-0.0370305 -0.0517771 -2.49919 
-0.0367267 -0.0385809 2.49943 
-0.0308255 -0.0211153 -2.49972 
0.0480184 0.00773549 2.49953 
-0.0229531 -0.0192474 -2.49982 
0.00940639 -0.00332171 2.49998 
0.0618759 0.0344951 -2.499 
0.0461166 -0.0494408 2.49909 
-0.0154625 0.0665239 -2.49907 
0.0884032 -0.00858002 2.49842 
-0.0328041 -0.037235 -2.49951 
0.0538994 0.0174616 2.49936 
-0.1104 0.0980709 -2.49563 
0.125088 0.0331311 2.49665 
-0.129844 -0.043116 -2.49625 
0.102596 0.00248199 2.49789 
-0.12998 -0.0981386 -2.49469 
0.0681742 0.0392327 2.49876 
-0.0704604 -0.10331 -2.49687 
0.0340355 0.0434574 2.49939 
-0.0737241 -0.0485452 -2.49844 
0.00946488 0.0264088 2.49984 
0.0674115 -0.0976271 -2.49718 
0.0986782 0.0680965 2.49712 
-0.125413 -0.0450569 -2.49645 
0.0184224 -0.0201507 2.49985 
-0.0497484 -0.004212 -2.4995 
0.0941915 0.025372 2.4981 
-0.0586932 -0.0348641 -2.49907 
0.0256511 0.0133203 2.49983 
-0.0472378 -0.123811 -2.49649 
0.0205604 0.027068 2.49977 
0.0126277 -0.0412843 -2.49963 
0.10752 0.0633961 2.49688 
-0.0292341 0.0368883 -2.49956 
0.0745604 -0.0324881 2.49868 
-0.039694 0.0108214 -2.49966 
-0.0272053 -0.0293523 2.49968 
-0.0526022 -0.0556803 -2.49883 
-0.0580225 0.0097443 2.49931 
0.0579511 -0.0677489 -2.49841 
-0.00762237 0.0455069 2.49957 
-0.00222642 -0.0208013 -2.49991 
-0.0150055 0.0241844 2.49984 
0.0437987 0.00935519 -2.4996 
0.0215282 -0.0580967 2.49923 
-0.0574113 0.00314757 -2.49934 
0.0950992 0.010923 2.49817 
-0.105479 -0.0659878 -2.4969 
0.0450584 0.0757396 2.49845 
-0.0252737 -0.0114347 -2.49985 
0.0725683 -0.00635496 2.49894 
-0.0066863 -0.0199795 -2.49991 
-0.00740327 0.00646643 2.49998 
-0.00883748 -0.0188127 -2.49991 
0.0604331 -0.0767648 2.49809 
-0.0247949 -0.0588817 -2.49918 
-0.0205045 -0.039546 2.4996 
0.0354695 0.0258664 -2.49961 
0.0607162 0.104741 2.49707 
-0.0171967 0.00315826 -2.49994 
-0.0565969 0.0300066 2.49918 
0.0520745 -0.016333 -2.4994 
-0.0992587 0.11371 2.49544 
0.0429824 -0.0963692 -2.49777 
0.0473441 0.0489858 2.49907 
-0.0540308 -0.0119842 -2.49939 
-0.00834501 0.0780453 2.49877 
0.0141632 -0.122386 -2.49696 
-0.0313872 -0.00235923 2.4998 
0.045708 0.0493521 -2.49909 
-0.0643819 0.0221738 2.49907 
-0.0442561 -0.014819 -2.49956 
0.0127248 -0.0268884 2.49982 
0.0357326 0.068465 -2.49881 
0.0460251 -0.0458384 2.49916 
-0.0831817 0.0123392 -2.49859 
0.00942057 -0.00228363 2.49998 
-0.0232129 -0.0179919 -2.49983 
0.00758242 -0.0593947 2.49928 
-0.0328243 -0.0241978 -2.49967 
0.0483849 0.0419413 2.49918 
-0.0317969 -0.0479868 -2.49934 
-0.0366798 -0.0368637 2.49946 
-0.0367887 0.0929309 -2.498 
0.0385212 0.0545314 2.49911 
-0.0494676 -0.0561265 -2.49888 
0.0782337 0.107077 2.49648 
-0.0821471 -0.073736 -2.49756 
-0.0748944 0.0427578 2.49851 
-0.00216703 -0.0156168 -2.49995 
0.102296 0.00787356 2.49789 
-0.0551596 -0.0294628 -2.49922 
-0.00987793 0.0526502 2.49943 
-0.0111558 0.000225628 -2.49998 
-0.0409346 0.0718022 2.49863 
0.0307721 -0.0153141 -2.49976 
0.0360656 0.0885149 2.49817 
-0.0457266 -0.0501066 -2.49908 
0.00586468 -0.00705967 2.49998 
0.0142355 -0.0479284 -2.4995 
0.0503124 0.0179984 2.49943 
-0.0315761 0.00469699 -2.4998 
0.0690173 0.0592843 2.49834 
-0.00498816 -0.0919678 -2.4983 
-0.00454386 -0.00926818 2.49998 
-0.0774053 0.0256362 -2.49867 
0.0262046 -0.082701 2.49849 
0.000361332 -0.069274 -2.49904 
-0.0495892 -0.027759 2.49935 
-0.0598818 0.0345677 -2.49904 
0.02301 -0.00842761 2.49988 
0.017635 -0.0501536 -2.49943 
0.092993 0.0799023 2.49699 
-0.157001 -0.1253 -2.49192 
0.0413525 -0.00507004 2.49965 
-0.102793 0.0159473 -2.49783 
0.0143296 0.0114951 2.49993 
-0.0679582 -0.0544061 -2.49848 
0.0724778 0.0272095 2.4988 
-0.0696943 -0.0768242 -2.49785 
-0.00372905 -0.0230318 2.49989 
0.0266158 -0.0884695 -2.49829 
0.0234476 0.0204019 2.49981 
0.0124903 0.0661225 -2.49909 
-0.0350062 0.00723524 2.49974 
0.0161302 0.0178849 -2.49988 
0.0189959 0.0405212 2.4996 
-0.053676 -0.00552676 -2.49942 
0.0312638 0.0416539 2.49946 
-0.0261676 -0.0953385 -2.49804 
-0.072589 0.0898647 2.49733 
-0.0138371 -0.111923 -2.49746 
0.100115 0.0619081 2.49723 
0.0265528 0.0408278 -2.49953 
0.092312 0.0828862 2.49692 
-0.063569 0.0118111 -2.49916 
-0.0156924 0.0168598 2.49989 
0.0106254 0.0438656 -2.49959 
-0.0352102 0.0629417 2.49896 
-0.0496791 -0.0170376 -2.49945 
0.0537861 0.0574901 2.49876 
0.0834503 0.0296597 -2.49843 
-0.0801005 0.0286117 2.49855 
0.00692522 -0.0496925 -2.4995 
0.065487 0.0836497 2.49774 
-0.0492556 -0.0193829 -2.49944 
0.0189024 0.0475524 2.49948 
-0.0713875 -0.0876659 -2.49744 
-0.024952 0.0644943 2.49904 
-0.0440459 -0.0504186 -2.4991 
0.0456646 0.0766863 2.49841 
-0.0459975 -0.0595646 -2.49887 
-0.0182044 0.0517565 2.4994 
0.0329351 -0.08542 -2.49832 
0.00600162 0.0184362 2.49992 
0.0151153 0.0495957 -2.49946 
0.0473635 -0.0612379 2.4988 
-0.0333865 0.0545058 -2.49918 
0.0470477 0.0417838 2.49921 
0.0166078 -0.0854406 -2.49848 
-0.037408 -0.0373592 2.49944 
0.0110581 -0.00517242 -2.49997 
-0.0673147 0.0180831 2.49903 
-0.0176007 -0.037069 -2.49966 
-0.0238066 -0.00789133 2.49987 
-0.000575648 -0.1031 -2.49787 
0.0194829 0.0436473 2.49954 
-0.0362255 -0.00797715 -2.49972 
-0.0998252 -0.0044282 2.498 
0.0711713 -0.0351511 -2.49874 
0.0261064 0.0585256 2.49918 
-0.0847959 -0.0479096 -2.4981 
0.0653404 0.0424651 2.49879 
-0.0863185 -0.0841704 -2.49709 
0.000564715 0.071563 2.49898 
-0.0151452 -0.162751 -2.49465 
-0.00194641 0.0789232 2.49875 
-0.0908532 -0.0944825 -2.49656 
0.0728456 0.0945597 2.49715 
-0.0623823 -0.0997748 -2.49723 
0.0850856 0.0585391 2.49787 
0.0416273 -0.0927571 -2.49793 
0.038853 0.0523698 2.49915 
0.00893394 -0.013151 -2.49995 
0.0173876 0.0129692 2.49991 
-0.0319986 -0.0407126 -2.49946 
-0.00771287 0.0247917 2.49987 
-0.0207583 -0.0390262 -2.49961 
0.0837319 0.0119485 2.49857 
-0.0421129 0.0862579 -2.49816 
0.0950159 0.0654345 2.49734 
-0.0807656 -0.0147112 -2.49865 
0.0189973 0.00753821 2.49992 
-0.0289179 -0.0533997 -2.49926 
-6.36239e-05 0.00921646 2.49998 
-0.0320903 -0.0907907 -2.49814 
0.0107133 -0.0890937 2.49839 
-0.0304826 -0.017378 -2.49975 
-0.0450969 0.0482292 2.49913 
0.0490849 0.0929466 -2.49779 
0.0850024 -0.0556915 2.49793 
0.0535372 -0.0307134 -2.49924 
0.0773844 0.0013436 2.4988 
-0.0400446 -0.0752065 -2.49855 
-0.00813858 0.0927368 2.49827 
-0.0465338 -0.0134195 -2.49953 
-0.0126309 0.0866718 2.49847 
-0.00287596 -0.0437567 -2.49962 
0.0595638 0.0254107 2.49916 
-0.0471173 -0.00700462 -2.49955 
0.0706943 -0.00727675 2.49899 
-0.0573844 -0.0140795 -2.4993 
0.0743615 0.0182619 2.49883 
0.0339243 0.034509 -2.49953 
0.0712933 0.0204465 2.4989 
-0.046009 -0.032282 -2.49937 
0.111244 -0.064519 2.49669 
-0.101702 0.052209 -2.49738 
-0.0380206 0.0624989 2.49893 
0.0159274 0.0187239 -2.49988 
0.121553 -0.0181365 2.49698 
-0.0390256 -0.00270047 -2.49969 
0.110877 0.0276361 2.49739 
-0.0166347 0.051571 -2.49941 
-0.0168515 0.0261665 2.49981 
-0.0317878 0.0410962 -2.49946 
-0.0288432 0.0352403 2.49959 
-0.0154289 -0.0157622 -2.4999 
-0.00843933 0.0182567 2.49992 
-0.0760464 0.0907755 -2.49719 
0.00376929 -0.0439771 2.49961 
0.0083291 -0.0525811 -2.49943 
-0.0467792 0.00618435 2.49955 
0.0219839 -0.0662298 -2.49903 
-0.078971 -0.00963537 2.49873 
-0.038788 0.026712 -2.49956 
0.122503 0.00458537 2.49699 
0.000530972 0.0167986 -2.49994 
-0.0616956 0.0125796 2.49921 
0.000561249 -0.0515193 -2.49947 
0.0938476 -0.0325818 2.49803 
0.00615144 0.00862473 -2.49998 
0.0458952 0.0164998 2.49952 
-0.119936 -0.071152 -2.49611 
0.0221928 0.0461128 2.49948 
-0.0162226 -0.00683219 -2.49994 
-0.0152399 0.116581 2.49723 
-0.0917797 -0.0119279 -2.49829 
0.0578733 0.04453 2.49893 
-0.0902266 0.00221211 -2.49837 
-0.0224979 0.064331 2.49907 
-0.0198638 -0.0241593 -2.4998 
0.0854976 0.0169841 2.49848 
-0.0434795 0.0178935 -2.49956 
0.0943537 0.0145134 2.49818 
-0.0529398 -0.0457916 -2.49902 
-0.050176 -0.06769 2.49858 
0.0211986 0.0540521 -2.49933 
0.0337873 -0.0671362 2.49887 
-0.0233244 0.0427001 -2.49953 
0.0112858 0.0169137 2.49992 
0.0340215 0.0661554 -2.49889 
0.0102208 -0.0125453 2.49995 
-0.00397597 0.0369348 -2.49972 
0.098467 -0.00548429 2.49805 
0.0604912 0.0271155 -2.49912 
-0.0298537 -0.0468808 2.49938 
-0.0399201 0.0461005 -2.49926 
0.096285 0.00527784 2.49814 
0.0124061 -0.0256231 -2.49984 
-0.0548976 0.0797783 2.49812 
-0.0901549 0.0415949 -2.49803 
0.0449803 0.029785 2.49942 
-0.0994061 0.0193398 -2.49795 
0.123625 0.0463206 2.49651 
-0.0603033 -0.0238471 -2.49916 
-0.00028225 0.0413371 2.49966 
-0.0267638 0.10999 -2.49744 
0.0138876 -0.0120171 2.49993 
-0.0523687 0.0450471 -2.49905 
0.0551143 -0.0352051 2.49914 
-0.1039 -0.00230872 -2.49784 
0.00879146 -0.0786752 2.49875 
-0.0010395 0.0329346 -2.49978 
0.0798922 0.0609773 2.49798 
-0.0116926 -0.0148118 -2.49993 
-0.00254944 0.0474491 2.49955 
0.0286662 -0.0493704 -2.49935 
-0.0116848 -0.10038 2.49796 
-0.060107 0.0260989 -2.49914 
0.144324 -0.0959524 2.49399 
-0.109305 0.0433159 -2.49723 
-0.0324678 0.0483734 2.49932 
0.0837922 0.0220059 -2.4985 
0.00541623 0.0296157 2.49982 
0.0491751 0.0854491 -2.49806 
0.00335602 -0.0642684 2.49917 
-0.0266568 -0.0709851 -2.49885 
-0.0412108 -0.0286005 2.4995 
0.0509572 0.0833343 -2.49809 
0.0221987 0.0422579 2.49954 
-0.0172345 -0.0696874 -2.49897 
0.0279166 -0.006581 2.49984 
0.0136281 -0.0431514 -2.49959 
0.0614249 -0.0617121 2.49848 
-0.0791915 -0.0675926 -2.49783 
0.0208954 0.0809404 2.4986 
0.00308755 0.00643085 -2.49999 
0.0290422 0.0420373 2.49948 
-0.0999939 -0.105285 -2.49578 
0.0764856 0.00233107 2.49883 
-0.0250151 0.0103985 -2.49985 
-0.0100115 0.0820107 2.49863 
-0.0748862 -0.0447143 -2.49848 
0.0767913 0.0461536 2.49839 
-0.0515982 -0.0352528 -2.49922 
-0.0621619 -0.0326137 2.49901 
0.0542308 0.0179266 -2.49935 
-0.0516599 -0.00114391 2.49947 
0.104592 -0.0725501 -2.49676 
0.0117519 0.0293 2.4998 
0.0462765 -0.0742412 -2.49847 
-0.0201537 -0.0117955 2.49989 
0.0243869 0.0517796 -2.49934 
-0.00214721 0.021633 2.49991 
-0.0297878 0.0451194 -2.49942 
-0.00923578 0.00509993 2.49998 
0.0241686 -0.0257832 -2.49975 
-0.0420467 -0.0147504 2.4996 
0.0523818 -0.0686586 -2.49851 
0.0454987 0.00418983 2.49958 
-0.0363122 0.0324825 -2.49953 
0.0806169 -0.0274482 2.49855 
-0.0779901 0.091256 -2.49712 
-0.0163516 -0.072942 2.49888 
-0.0366604 0.0430328 -2.49936 
0.0566467 -0.0901558 2.49773 
-0.0177698 0.0201381 -2.49986 
-0.0383264 0.0245427 2.49959 
-0.076876 0.041967 -2.49847 
0.0843727 -0.0147607 2.49853 
-0.0873881 -0.0519553 -2.49793 
-0.0614553 0.0182303 2.49918 
-0.0663701 0.0191587 -2.49905 
-0.0488673 0.0034967 2.49952 
0.09416 0.0152483 -2.49818 
0.0163967 0.0288245 2.49978 
-0.0035659 -0.0442115 -2.49961 
-0.00479017 0.0159143 2.49994 
0.0353167 -0.0232423 -2.49964 
-0.0481422 0.0636359 2.49873 
0.0159629 -0.109815 -2.49754 
-0.00390039 0.0702199 2.49901 
-0.0442221 0.0892223 -2.49802 
0.00321179 0.00766437 2.49999 
0.060781 0.0147979 -2.49922 
-0.099752 -0.0236886 2.4979 
-0.0770686 -0.000568692 -2.49881 
-0.00585397 0.049282 2.49951 
0.0198842 -0.0316118 -2.49972 
-0.0579628 -0.0122377 2.4993 
0.0549863 0.0873785 -2.49787 
0.00509809 0.0137257 2.49996 
0.0131221 -0.0441401 -2.49958 
0.0503942 0.00911523 2.49948 
0.0256113 0.0769814 -2.49868 
0.020533 -0.0816731 2.49858 
0.0354392 -0.00103957 -2.49975 
0.0422376 -0.033661 2.49942 
-0.0211585 0.0264126 -2.49977 
0.0815465 -0.0330539 2.49845 
-0.0766999 -0.00916478 -2.49881 
0.0246095 -0.040639 2.49955 
-0.0918494 -0.0194244 -2.49824 
0.0993016 -0.0166669 2.49797 
-0.0344164 0.0185711 -2.49969 
0.0786977 0.0813127 2.49744 
-0.0429114 0.0607432 -2.49889 
0.124941 -0.0289849 2.49671 
-0.0258193 0.0324825 -2.49966 
0.000357841 0.00206719 2.5 
0.00356689 0.028384 -2.49984 
0.0888799 0.0923317 2.49671 
-0.11918 0.0292288 -2.49699 
0.0491906 0.0567084 2.49887 
-0.00905141 -0.00968662 -2.49996 
-0.0206742 0.03163 2.49971 
0.0666783 0.114522 -2.49649 
0.0141052 0.0359091 2.4997 
0.0511346 -0.00102792 -2.49948 
-0.007289 -0.0123432 2.49996 
-0.0279106 -0.0380127 -2.49956 
-0.0249508 0.038783 2.49957 
-0.0515021 -0.0737467 -2.49838 
-0.141666 0.000618097 2.49598 
0.0181545 -0.0267644 -2.49979 
0.0114408 -0.00925278 2.49996 
-0.0613015 -0.0432881 -2.49887 
-0.0121394 -0.0849864 2.49853 
0.0170741 -0.0441471 -2.49955 
-0.0421665 -0.0226091 2.49954 
0.00251048 -0.0233277 -2.49989 
0.062454 -0.0509474 2.4987 
0.023493 -0.0180414 -2.49982 
0.00510818 -0.0374125 2.49971 
-0.0435047 0.0775266 -2.49842 
0.0584885 -0.0386769 2.49902 
-0.0513771 -0.0287394 -2.49931 
0.0391362 0.0365839 2.49943 
-0.0659319 -0.0621183 -2.49836 
0.086161 0.055461 2.4979 
-0.0340369 -0.080167 -2.49848 
0.091144 -0.000385676 2.49834 
-0.101938 0.00756427 -2.49791 
0.0859845 0.051187 2.498 
-0.0795334 -0.048349 -2.49827 
-0.027639 0.108446 2.49749 
-0.00775131 -0.0243687 -2.49987 
0.074995 0.00110796 2.49887 
0.0518134 0.0116 -2.49944 
-0.00573253 0.0756568 2.49885 
-0.045597 0.00280953 -2.49958 
0.0493241 0.0483438 2.49905 
-0.0219474 -0.104184 -2.49773 
-0.0808181 0.0597385 2.49798 
0.0411483 0.00420114 -2.49966 
-0.00565106 -0.0182171 2.49993 
-0.0357299 -0.0839153 -2.49834 
0.0596919 0.128678 2.49597 
-0.0597061 -0.0666911 -2.4984 
-0.0216308 0.0624682 2.49913 
-0.0116725 -0.0138901 -2.49993 
0.15545 0.0472563 2.49471 
-0.127613 -0.0022194 -2.49674 
-0.0371859 0.0138418 2.49969 
-0.04646 -0.0059916 -2.49956 
-0.0981314 -0.0594078 2.49737 
0.0332976 0.00690218 -2.49977 
0.00262912 -0.0157604 2.49995 
0.0349281 -0.00163108 -2.49976 
0.0745062 0.0634601 2.49808 
-0.0323651 -0.0194908 -2.49971 
0.0280055 0.0540978 2.49926 
-0.05768 -0.0664197 -2.49845 
0.0233143 0.0192685 2.49982 
-0.0728178 -0.0851189 -2.49749 
0.00210945 0.0536526 2.49942 
-0.00771434 -0.0402411 -2.49966 
0.0520926 0.00365308 2.49945 
0.0545742 -0.00263885 -2.4994 
-0.0384078 -0.0449669 2.4993 
0.0162166 -0.0366656 -2.49968 
0.0353522 -0.0949795 2.49794 
-0.0676402 0.0302434 -2.4989 
0.0597707 0.00259949 2.49928 
-0.0923679 0.0506688 -2.49778 
-0.0053431 0.0288034 2.49983 
0.0702114 -0.0915294 -2.49734 
-0.0723676 0.0480134 2.49849 
0.0325702 0.0718069 -2.49876 
0.0115161 0.00547668 2.49997 
-0.121263 -0.0342489 -2.49682 
-0.00436259 -0.0061984 2.49999 
-0.0185008 -0.0331117 -2.49971 
0.0197441 -0.00659012 2.49991 
-0.0710979 -0.0623031 -2.49821 
0.0692153 0.036992 2.49877 
-0.0315625 0.0695774 -2.49883 
0.0607838 0.0096423 2.49924 
0.0674503 0.00286441 -2.49909 
0.0198692 0.0668954 2.49903 
-0.00963569 -0.0147065 -2.49994 
0.0416246 0.0476588 2.4992 
-0.0304695 -0.0394317 -2.4995 
0.000744401 0.0581436 2.49932 
-0.00966241 -0.0942822 -2.4982 
-0.00721342 0.0379631 2.4997 
0.0364304 0.048941 -2.49926 
-0.0202508 -0.00377354 2.49992 
-0.0521111 -0.00996089 -2.49944 
-0.0266474 -0.0556703 2.49924 
-0.0980471 -0.0173096 -2.49802 
-0.108327 0.0310842 2.49746 
-0.00349498 0.0235574 -2.49989 
0.0011618 -0.0564282 2.49936 
-0.0182632 0.121322 -2.49699 
0.125312 0.009604 2.49684 
-0.0523991 0.0559831 -2.49882 
-0.0217529 0.0401098 2.49958 
-0.000792388 0.00551703 -2.49999 
0.0395048 -0.031488 2.49949 
0.0656168 -0.0138831 -2.4991 
-0.083236 0.0818099 2.49727 
0.0171516 0.056687 -2.4993 
-0.0399353 -0.0372591 2.4994 
-0.0683563 -0.111813 -2.49656 
-0.0309138 -0.0262172 2.49967 
0.0357342 -0.0541125 -2.49916 
-0.0379525 0.00752478 2.4997 
0.0226381 -0.0818109 -2.49856 
-0.0570036 0.00538592 2.49934 
-0.0123432 -0.0461781 -2.49954 
0.0351435 -0.0278036 2.4996 
0.00677782 -0.0257568 -2.49986 
0.0277609 0.112448 2.49732 
-0.0616803 0.020076 -2.49916 
-0.0114945 0.0392751 2.49967 
-0.0505021 -0.0229197 -2.49938 
0.0276996 0.00672453 2.49984 
-0.0727129 -0.0751084 -2.49781 
0.130249 -0.00984966 2.49659 
-0.0720423 -0.0496571 -2.49847 
-0.072663 -0.0115732 2.49892 
0.0337199 0.0222623 -2.49967 
-0.0575687 0.0606744 2.4986 
0.0278143 0.0736701 -2.49876 
-0.050848 -0.112599 2.49695 
0.0443711 0.0231654 -2.4995 
0.0717298 -0.113753 2.49638 
0.0186366 0.0704035 -2.49894 
-0.0212305 0.0415399 2.49956 
-0.0255199 -0.0910131 -2.49821 
-0.0217168 -0.00220727 2.4999 
0.0230372 0.0431254 -2.49952 
0.0560417 -0.0109211 2.49935 
0.0431356 0.0119358 -2.4996 
-0.0300975 0.075298 2.49868 
0.0242012 -0.0128822 -2.49985 
0.135487 0.0714176 2.4953 
-0.102911 -0.0391206 -2.49757 
0.0702197 0.0256885 2.49888 
-0.049171 -0.0892614 -2.49792 
0.0664103 -0.0127402 2.49909 
0.0345198 0.0359864 -2.4995 
0.065975 -0.0230254 2.49902 
-0.124219 -0.0503361 -2.4964 
0.0909191 0.00909197 2.49833 
-0.121265 -0.0362185 -2.49679 
0.0989022 0.00288936 2.49804 
-0.128678 -0.00735546 -2.49668 
-0.0170849 0.0106748 2.49992 
-0.0430051 -0.099917 -2.49763 
0.0290731 0.0582953 2.49915 
0.0350937 0.0324322 -2.49954 
0.0170978 0.0260165 2.49981 
0.0336894 -0.00363507 -2.49977 
0.0133159 0.0635308 2.49916 
-0.0225831 0.0490616 -2.49942 
-0.0386282 -0.00668067 2.49969 
0.115103 0.0624464 -2.49657 
-0.024636 0.0437256 2.4995 
0.033746 -0.0465051 -2.49934 
-0.00853378 0.127735 2.49672 
-0.0136503 -0.117989 -2.49718 
0.00498744 -0.0207697 2.49991 
-0.000379398 0.0441374 -2.49961 
0.0422397 -0.0215814 2.49955 
-0.0201978 -0.0340238 -2.49969 
0.0369324 0.064775 2.49889 
-0.0284232 0.0258487 -2.4997 
0.0416799 0.0519749 2.49911 
-0.0398233 -0.000425062 -2.49968 
-0.0467231 0.00979364 2.49954 
-3.9085e-05 -0.103301 -2.49786 
0.0313038 0.0708909 2.4988 
0.0129608 -0.0542096 -2.49938 
0.0660821 0.0694869 2.49816 
-0.0219277 -0.0844357 -2.49848 
0.100775 0.0438718 2.49758 
-0.147759 -0.0149235 -2.49559 
0.117434 -0.0709384 2.49623 
-0.230537 -0.0406654 -2.48902 
-0.0130974 0.0131142 2.49993 
0.00693613 0.0441441 -2.4996 
0.0501735 -0.0779492 2.49828 
0.0390073 -0.0127113 -2.49966 
-0.0343568 -0.00639988 2.49976 
-0.0359874 0.0427043 -2.49938 
-0.0427702 -0.101553 2.49757 
0.0187115 0.0282902 -2.49977 
0.0277187 -0.00484598 2.49984 
-0.0236947 -0.0605978 -2.49915 
-0.00401039 0.079682 2.49873 
0.0169451 -0.0489411 -2.49946 
-0.00347569 0.0186755 2.49993 
-0.0258886 -0.069292 -2.49891 
-0.0533927 0.110794 2.49697 
-0.108573 0.04664 -2.49721 
-0.0202284 0.0359939 2.49966 
0.0204012 0.0261279 -2.49978 
-0.0142626 -0.00500507 2.49995 
-0.0145533 -0.0870718 -2.49844 
-0.122539 0.0869368 2.49548 
0.0498414 -0.0555044 -2.49889 
0.0117085 0.0557452 2.49935 
0.0117332 -0.099421 -2.49799 
0.0770362 -0.0542019 2.49822 
0.00719959 0.0203422 -2.49991 
0.00790981 0.0276894 2.49983 
-0.00788299 -0.0744828 -2.49888 
0.0697635 0.0696862 2.49805 
0.088606 -0.03901 -2.49812 
-0.00307486 0.0463839 2.49957 
-0.0558828 0.0116989 -2.49935 
-0.0213864 0.0533266 2.49934 
0.106918 -0.0108124 -2.49769 
-0.140543 0.0228444 2.49594 
-0.0268004 0.0486365 -2.49938 
0.0582671 0.080816 2.49801 
-0.0848821 -0.0890098 -2.49697 
0.0140246 0.0149039 2.49992 
0.0365579 -0.0266249 -2.49959 
0.00971368 -0.019495 2.49991 
-0.0626971 -0.0243047 -2.4991 
0.0354044 0.00109264 2.49975 
-0.0891247 -0.0178668 -2.49835 
-0.0509953 0.00067829 2.49948 
-0.0277693 -0.0127367 -2.49981 
0.0762216 0.0982236 2.49691 
0.00989831 -0.0140067 -2.49994 
0.056793 0.0623155 2.49858 
-0.074178 -0.0386071 -2.4986 
0.126399 -0.0316476 2.4966 
-0.0253168 0.0060612 -2.49986 
-0.0186583 0.0472584 2.49948 
-0.0210442 -0.00481684 -2.49991 
0.134988 0.100281 2.49434 
-0.0694842 -0.0193666 -2.49896 
-0.0123016 0.000922274 2.49997 
-0.195474 0.009174 -2.49233 
0.0883144 -0.082031 2.49709 
-0.0561453 0.0833591 -2.49798 
0.0641956 -0.0608612 2.49843 
0.0178882 0.021733 -2.49984 
0.0412385 -0.0493894 2.49917 
-0.0983144 0.0370473 -2.49779 
-0.0140307 0.0215782 2.49987 
-0.0150752 -0.00950191 -2.49994 
-0.0128603 0.0638386 2.49915 
-0.124076 -0.0895622 -2.49531 
0.00848334 0.0096679 2.49997 
-0.00181323 -0.114579 -2.49737 
-0.0404898 0.0642251 2.49885 
0.0261638 -0.0744751 -2.49875 
0.103371 0.00779838 2.49785 
-0.0102852 0.0594326 -2.49927 
0.0489377 0.125915 2.49635 
-0.0189848 0.00140027 -2.49993 
-0.00937952 0.0388054 2.49968 
0.0407614 -0.0466214 -2.49923 
0.00735239 -0.00114887 2.49999 
-0.00834051 -0.0599372 -2.49927 
0.0382897 -0.0424031 2.49935 
-0.0763654 0.071291 -2.49782 
0.104168 -0.0207198 2.49774 
-0.0531861 -0.0440529 -2.49905 
0.0358627 -0.0616073 2.49898 
-0.0654327 0.0115219 -2.49912 
0.0883083 0.0387137 2.49814 
0.00664124 -0.0170231 -2.49993 
0.0218787 -0.114563 2.49728 
0.0121739 -0.0536047 -2.4994 
0.0207527 0.040088 2.49959 
-0.0253827 0.019045 -2.4998 
0.0664807 0.0626725 2.49833 
0.0126903 -0.0318648 -2.49976 
0.0159236 -0.0278119 2.49979 
0.00459208 -0.039602 -2.49968 
0.101539 0.059274 2.49723 
-0.0196507 -0.0403515 -2.4996 
0.0568507 0.0101904 2.49933 
-0.0342286 0.0535541 -2.49919 
0.0587382 0.0298651 2.49913 
-0.000506898 -0.0535405 -2.49943 
0.0198468 0.0675959 2.49901 
-0.0371903 0.00179521 -2.49972 
-0.0721637 0.0313379 2.49876 
0.0268655 -0.0651876 -2.49901 
-0.0309875 -0.00665483 2.4998 
-0.0141604 0.0138383 -2.49992 
-0.0802244 0.0675436 2.4978 
0.036206 -0.0154859 -2.49969 
-0.0718761 0.0998015 2.49697 
0.0879157 -0.00200418 -2.49845 
0.0584034 -0.00618593 2.49931 
-0.0263047 0.00632362 -2.49985 
-0.0281933 0.0768734 2.49866 
-0.00480407 -0.0742887 -2.49889 
0.1314 -0.00913303 2.49653 
-0.0978785 0.0764394 -2.49691 
0.0439973 0.044123 2.49922 
-0.0767457 0.0361183 -2.49856 
0.0273738 -0.00671326 2.49984 
-0.0317541 0.0286969 -2.49963 
0.0533391 0.00359093 2.49943 
-0.0297359 0.11054 -2.49738 
0.0343393 -0.0130274 2.49973 
-0.0267554 0.0289462 -2.49969 
-0.0119913 0.0230389 2.49987 
-0.0404622 -0.0474736 -2.49922 
0.00709795 -0.0388775 2.49969 
-0.0551468 0.0403411 -2.49907 
0.0191813 -0.0619264 2.49916 
-0.0617778 0.0295718 -2.49906 
0.00334736 0.0631292 2.4992 
-0.0748252 0.000742554 -2.49888 
0.0719266 -0.0394565 2.49865 
-0.0454581 0.00355599 -2.49958 
0.091458 -0.0577215 2.49766 
0.0222512 0.00496355 -2.4999 
0.0463813 0.080114 2.49829 
0.0269232 -0.0332832 -2.49963 
-0.0254547 0.01826 2.4998 
0.0333187 0.00839344 -2.49976 
-0.0370332 0.0441056 2.49934 
0.0466161 0.047572 -2.49911 
-0.0655857 0.0601531 2.49842 
-0.0325119 -0.0767226 -2.49861 
0.0486116 -0.00458214 2.49952 
-0.0313031 -0.0147042 -2.49976 
0.060626 0.0846425 2.49783 
-0.051629 -0.0360252 -2.49921 
-0.0207321 0.0561183 2.49928 
-0.0299627 -0.0262901 -2.49968 
0.0051149 -0.0622346 2.49922 
0.0068655 -0.107909 -2.49766 
-0.0352395 -0.102116 2.49767 
-0.0416897 0.00995448 -2.49963 
0.041142 0.029198 2.49949 
-0.0926232 -0.0476559 -2.49783 
-0.00606038 0.0168174 2.49994 
0.153918 0.0422532 -2.4949 
0.0344693 -0.0779201 2.49855 
0.0255679 -0.0452218 -2.49946 
0.0586252 -0.00773037 2.4993 
-0.0859102 0.0521499 -2.49798 
-0.0445184 -0.0275304 2.49945 
0.0106273 0.00603821 -2.49997 
-0.0137445 0.0975633 2.49806 
-0.0590234 -0.0132843 -2.49927 
0.0308201 -0.122741 2.49679 
-0.0186999 0.0362953 -2.49967 
0.0429936 -0.053032 2.49907 
-0.0578602 0.0610404 -2.49858 
-0.0442085 0.0240455 2.49949 
-0.013158 0.00833846 -2.49995 
0.0355428 -0.0858501 2.49827 
-0.018029 0.0380333 -2.49965 
0.0225887 0.00908458 2.49988 
0.0530418 -0.0312386 -2.49924 
-0.0577802 -0.0266077 2.49919 
0.0719265 -0.0828562 -2.49759 
0.0515211 -0.0179265 2.4994 
-0.00611212 -0.0992714 -2.49802 
-0.00689096 0.0339914 2.49976 
0.000720523 0.0788367 -2.49876 
-0.0255195 0.0211238 2.49978 
-0.00303585 0.0290502 -2.49983 
0.0430164 -0.0125862 2.4996 
0.0266421 -0.0217925 -2.49976 
0.0604979 -0.0436137 2.49889 
0.0573761 -0.0256767 -2.49921 
-0.0847398 -0.0479674 2.4981 
0.00227471 0.0679835 -2.49907 
0.0892725 0.0190229 2.49833 
-0.171775 0.0505358 -2.49358 
0.056909 0.00301406 2.49935 
-0.0233201 -0.00330301 -2.49989 
0.00591998 0.0212771 2.4999 
-0.0870986 -0.0110063 -2.49846 
0.0917229 -0.00362269 2.49831 
-0.032512 -0.0508284 -2.49927 
0.00382665 0.0702022 2.49901 
0.0323333 -0.0631867 -2.49899 
0.0190283 -0.0376497 2.49964 
-0.0581683 0.00748406 -2.49931 
0.0509167 0.0274551 2.49933 
-0.122605 -0.0298109 -2.49681 
0.0647821 0.0247127 2.49904 
-0.0137089 -0.0650443 -2.49912 
0.015693 0.0503982 2.49944 
0.00898223 0.0432724 -2.49961 
-0.0396363 -0.010449 2.49966 
-0.0163443 -0.0927915 -2.49822 
0.0401611 -0.0571088 2.49902 
-0.081238 0.00421545 -2.49868 
0.0626237 0.0938572 2.49745 
-0.0707999 0.0748861 -2.49787 
-0.0598183 -0.02865 2.49912 
0.00967483 -0.0629856 -2.49919 
-0.00890192 0.000226436 2.49998 
-0.00502561 -0.0181894 -2.49993 
0.152931 0.102663 2.49321 
-0.0556067 -0.102476 -2.49728 
0.0227098 0.0725984 2.49884 
-0.0708946 -0.0199812 -2.49891 
0.0631811 -0.0106651 2.49918 
-0.0114236 0.017034 -2.49992 
0.0385974 0.0556825 2.49908 
0.0315056 0.0235534 -2.49969 
-0.020453 0.0154766 2.49987 
-0.0019873 0.0420359 -2.49965 
0.0174752 0.0779112 2.49872 
0.006931 -0.0393394 -2.49968 
-0.0644463 0.0748913 2.49805 
-0.0859628 -0.0708626 -2.49752 
0.031442 -0.0790504 2.49855 
-0.0349195 -0.0579401 -2.49908 
0.0060358 0.0443485 2.4996 
0.0387387 -0.0371842 -2.49942 
0.0567703 0.034623 2.49912 
0.0152968 0.000204827 -2.49995 
0.0932143 -0.00182041 2.49826 
-0.0642858 0.0282802 -2.49901 
0.0993892 0.0756225 2.49688 
-0.0542347 -0.0196793 -2.49933 
0.0112089 0.0293015 2.4998 
-0.036975 -0.0318208 -2.49952 
-0.0249351 -0.0255521 2.49975 
0.0484432 -0.0180791 -2.49947 
-0.0214582 -0.0212372 2.49982 
-0.014665 0.0606079 -2.49922 
0.0705316 -0.0308528 2.49881 
-0.01443 -0.0502322 -2.49945 
0.0370532 0.0448877 2.49932 
-0.0703447 -0.0290634 -2.49884 
0.0248593 0.00404356 2.49987 
-0.0601286 -0.0176229 -2.49921 
