0.02111 0.92839 0.75 
0.52111 0.57161 0.25 
0.47889 0.42839 0.75 
0.97889 0.07161 0.25 
0.02111 0.92839 1.75 
0.52111 0.57161 1.25 
0.47889 0.42839 1.75 
0.97889 0.07161 1.25 
0.02111 0.92839 2.75 
0.52111 0.57161 2.25 
0.47889 0.42839 2.75 
0.97889 0.07161 2.25 
0.02111 0.92839 3.75 
0.52111 0.57161 3.25 
0.47889 0.42839 3.75 
0.97889 0.07161 3.25 
0.02111 0.92839 4.75 
0.52111 0.57161 4.25 
0.47889 0.42839 4.75 
0.97889 0.07161 4.25 
0.02111 0.92839 5.75 
0.52111 0.57161 5.25 
0.47889 0.42839 5.75 
0.97889 0.07161 5.25 
0.02111 0.92839 6.75 
0.52111 0.57161 6.25 
0.47889 0.42839 6.75 
0.97889 0.07161 6.25 
0.02111 0.92839 7.75 
0.52111 0.57161 7.25 
0.47889 0.42839 7.75 
0.97889 0.07161 7.25 
0.02111 1.92839 0.75 
0.52111 1.57161 0.25 
0.47889 1.42839 0.75 
0.97889 1.07161 0.25 
0.02111 1.92839 1.75 
0.52111 1.57161 1.25 
0.47889 1.42839 1.75 
0.97889 1.07161 1.25 
0.02111 1.92839 2.75 
0.52111 1.57161 2.25 
0.47889 1.42839 2.75 
0.97889 1.07161 2.25 
0.02111 1.92839 3.75 
0.52111 1.57161 3.25 
0.47889 1.42839 3.75 
0.97889 1.07161 3.25 
0.02111 1.92839 4.75 
0.52111 1.57161 4.25 
0.47889 1.42839 4.75 
0.97889 1.07161 4.25 
0.02111 1.92839 5.75 
0.52111 1.57161 5.25 
0.47889 1.42839 5.75 
0.97889 1.07161 5.25 
0.02111 1.92839 6.75 
0.52111 1.57161 6.25 
0.47889 1.42839 6.75 
0.97889 1.07161 6.25 
0.02111 1.92839 7.75 
0.52111 1.57161 7.25 
0.47889 1.42839 7.75 
0.97889 1.07161 7.25 
0.02111 2.92839 0.75 
0.52111 2.57161 0.25 
0.47889 2.42839 0.75 
0.97889 2.07161 0.25 
0.02111 2.92839 1.75 
0.52111 2.57161 1.25 
0.47889 2.42839 1.75 
0.97889 2.07161 1.25 
0.02111 2.92839 2.75 
0.52111 2.57161 2.25 
0.47889 2.42839 2.75 
0.97889 2.07161 2.25 
0.02111 2.92839 3.75 
0.52111 2.57161 3.25 
0.47889 2.42839 3.75 
0.97889 2.07161 3.25 
0.02111 2.92839 4.75 
0.52111 2.57161 4.25 
0.47889 2.42839 4.75 
0.97889 2.07161 4.25 
0.02111 2.92839 5.75 
0.52111 2.57161 5.25 
0.47889 2.42839 5.75 
0.97889 2.07161 5.25 
0.02111 2.92839 6.75 
0.52111 2.57161 6.25 
0.47889 2.42839 6.75 
0.97889 2.07161 6.25 
0.02111 2.92839 7.75 
0.52111 2.57161 7.25 
0.47889 2.42839 7.75 
0.97889 2.07161 7.25 
0.02111 3.92839 0.75 
0.52111 3.57161 0.25 
0.47889 3.42839 0.75 
0.97889 3.07161 0.25 
0.02111 3.92839 1.75 
0.52111 3.57161 1.25 
0.47889 3.42839 1.75 
0.97889 3.07161 1.25 
0.02111 3.92839 2.75 
0.52111 3.57161 2.25 
0.47889 3.42839 2.75 
0.97889 3.07161 2.25 
0.02111 3.92839 3.75 
0.52111 3.57161 3.25 
0.47889 3.42839 3.75 
0.97889 3.07161 3.25 
0.02111 3.92839 4.75 
0.52111 3.57161 4.25 
0.47889 3.42839 4.75 
0.97889 3.07161 4.25 
0.02111 3.92839 5.75 
0.52111 3.57161 5.25 
0.47889 3.42839 5.75 
0.97889 3.07161 5.25 
0.02111 3.92839 6.75 
0.52111 3.57161 6.25 
0.47889 3.42839 6.75 
0.97889 3.07161 6.25 
0.02111 3.92839 7.75 
0.52111 3.57161 7.25 
0.47889 3.42839 7.75 
0.97889 3.07161 7.25 
0.02111 4.92839 0.75 
0.52111 4.57161 0.25 
0.47889 4.42839 0.75 
0.97889 4.07161 0.25 
0.02111 4.92839 1.75 
0.52111 4.57161 1.25 
0.47889 4.42839 1.75 
0.97889 4.07161 1.25 
0.02111 4.92839 2.75 
0.52111 4.57161 2.25 
0.47889 4.42839 2.75 
0.97889 4.07161 2.25 
0.02111 4.92839 3.75 
0.52111 4.57161 3.25 
0.47889 4.42839 3.75 
0.97889 4.07161 3.25 
0.02111 4.92839 4.75 
0.52111 4.57161 4.25 
0.47889 4.42839 4.75 
0.97889 4.07161 4.25 
0.02111 4.92839 5.75 
0.52111 4.57161 5.25 
0.47889 4.42839 5.75 
0.97889 4.07161 5.25 
0.02111 4.92839 6.75 
0.52111 4.57161 6.25 
0.47889 4.42839 6.75 
0.97889 4.07161 6.25 
0.02111 4.92839 7.75 
0.52111 4.57161 7.25 
0.47889 4.42839 7.75 
0.97889 4.07161 7.25 
0.02111 5.92839 0.75 
0.52111 5.57161 0.25 
0.47889 5.42839 0.75 
0.97889 5.07161 0.25 
0.02111 5.92839 1.75 
0.52111 5.57161 1.25 
0.47889 5.42839 1.75 
0.97889 5.07161 1.25 
0.02111 5.92839 2.75 
0.52111 5.57161 2.25 
0.47889 5.42839 2.75 
0.97889 5.07161 2.25 
0.02111 5.92839 3.75 
0.52111 5.57161 3.25 
0.47889 5.42839 3.75 
0.97889 5.07161 3.25 
0.02111 5.92839 4.75 
0.52111 5.57161 4.25 
0.47889 5.42839 4.75 
0.97889 5.07161 4.25 
0.02111 5.92839 5.75 
0.52111 5.57161 5.25 
0.47889 5.42839 5.75 
0.97889 5.07161 5.25 
0.02111 5.92839 6.75 
0.52111 5.57161 6.25 
0.47889 5.42839 6.75 
0.97889 5.07161 6.25 
0.02111 5.92839 7.75 
0.52111 5.57161 7.25 
0.47889 5.42839 7.75 
0.97889 5.07161 7.25 
0.02111 6.92839 0.75 
0.52111 6.57161 0.25 
0.47889 6.42839 0.75 
0.97889 6.07161 0.25 
0.02111 6.92839 1.75 
0.52111 6.57161 1.25 
0.47889 6.42839 1.75 
0.97889 6.07161 1.25 
0.02111 6.92839 2.75 
0.52111 6.57161 2.25 
0.47889 6.42839 2.75 
0.97889 6.07161 2.25 
0.02111 6.92839 3.75 
0.52111 6.57161 3.25 
0.47889 6.42839 3.75 
0.97889 6.07161 3.25 
0.02111 6.92839 4.75 
0.52111 6.57161 4.25 
0.47889 6.42839 4.75 
0.97889 6.07161 4.25 
0.02111 6.92839 5.75 
0.52111 6.57161 5.25 
0.47889 6.42839 5.75 
0.97889 6.07161 5.25 
0.02111 6.92839 6.75 
0.52111 6.57161 6.25 
0.47889 6.42839 6.75 
0.97889 6.07161 6.25 
0.02111 6.92839 7.75 
0.52111 6.57161 7.25 
0.47889 6.42839 7.75 
0.97889 6.07161 7.25 
0.02111 7.92839 0.75 
0.52111 7.57161 0.25 
0.47889 7.42839 0.75 
0.97889 7.07161 0.25 
0.02111 7.92839 1.75 
0.52111 7.57161 1.25 
0.47889 7.42839 1.75 
0.97889 7.07161 1.25 
0.02111 7.92839 2.75 
0.52111 7.57161 2.25 
0.47889 7.42839 2.75 
0.97889 7.07161 2.25 
0.02111 7.92839 3.75 
0.52111 7.57161 3.25 
0.47889 7.42839 3.75 
0.97889 7.07161 3.25 
0.02111 7.92839 4.75 
0.52111 7.57161 4.25 
0.47889 7.42839 4.75 
0.97889 7.07161 4.25 
0.02111 7.92839 5.75 
0.52111 7.57161 5.25 
0.47889 7.42839 5.75 
0.97889 7.07161 5.25 
0.02111 7.92839 6.75 
0.52111 7.57161 6.25 
0.47889 7.42839 6.75 
0.97889 7.07161 6.25 
0.02111 7.92839 7.75 
0.52111 7.57161 7.25 
0.47889 7.42839 7.75 
0.97889 7.07161 7.25 
1.02111 0.92839 0.75 
1.52111 0.57161 0.25 
1.47889 0.42839 0.75 
1.97889 0.07161 0.25 
1.02111 0.92839 1.75 
1.52111 0.57161 1.25 
1.47889 0.42839 1.75 
1.97889 0.07161 1.25 
1.02111 0.92839 2.75 
1.52111 0.57161 2.25 
1.47889 0.42839 2.75 
1.97889 0.07161 2.25 
1.02111 0.92839 3.75 
1.52111 0.57161 3.25 
1.47889 0.42839 3.75 
1.97889 0.07161 3.25 
1.02111 0.92839 4.75 
1.52111 0.57161 4.25 
1.47889 0.42839 4.75 
1.97889 0.07161 4.25 
1.02111 0.92839 5.75 
1.52111 0.57161 5.25 
1.47889 0.42839 5.75 
1.97889 0.07161 5.25 
1.02111 0.92839 6.75 
1.52111 0.57161 6.25 
1.47889 0.42839 6.75 
1.97889 0.07161 6.25 
1.02111 0.92839 7.75 
1.52111 0.57161 7.25 
1.47889 0.42839 7.75 
1.97889 0.07161 7.25 
1.02111 1.92839 0.75 
1.52111 1.57161 0.25 
1.47889 1.42839 0.75 
1.97889 1.07161 0.25 
1.02111 1.92839 1.75 
1.52111 1.57161 1.25 
1.47889 1.42839 1.75 
1.97889 1.07161 1.25 
1.02111 1.92839 2.75 
1.52111 1.57161 2.25 
1.47889 1.42839 2.75 
1.97889 1.07161 2.25 
1.02111 1.92839 3.75 
1.52111 1.57161 3.25 
1.47889 1.42839 3.75 
1.97889 1.07161 3.25 
1.02111 1.92839 4.75 
1.52111 1.57161 4.25 
1.47889 1.42839 4.75 
1.97889 1.07161 4.25 
1.02111 1.92839 5.75 
1.52111 1.57161 5.25 
1.47889 1.42839 5.75 
1.97889 1.07161 5.25 
1.02111 1.92839 6.75 
1.52111 1.57161 6.25 
1.47889 1.42839 6.75 
1.97889 1.07161 6.25 
1.02111 1.92839 7.75 
1.52111 1.57161 7.25 
1.47889 1.42839 7.75 
1.97889 1.07161 7.25 
1.02111 2.92839 0.75 
1.52111 2.57161 0.25 
1.47889 2.42839 0.75 
1.97889 2.07161 0.25 
1.02111 2.92839 1.75 
1.52111 2.57161 1.25 
1.47889 2.42839 1.75 
1.97889 2.07161 1.25 
1.02111 2.92839 2.75 
1.52111 2.57161 2.25 
1.47889 2.42839 2.75 
1.97889 2.07161 2.25 
1.02111 2.92839 3.75 
1.52111 2.57161 3.25 
1.47889 2.42839 3.75 
1.97889 2.07161 3.25 
1.02111 2.92839 4.75 
1.52111 2.57161 4.25 
1.47889 2.42839 4.75 
1.97889 2.07161 4.25 
1.02111 2.92839 5.75 
1.52111 2.57161 5.25 
1.47889 2.42839 5.75 
1.97889 2.07161 5.25 
1.02111 2.92839 6.75 
1.52111 2.57161 6.25 
1.47889 2.42839 6.75 
1.97889 2.07161 6.25 
1.02111 2.92839 7.75 
1.52111 2.57161 7.25 
1.47889 2.42839 7.75 
1.97889 2.07161 7.25 
1.02111 3.92839 0.75 
1.52111 3.57161 0.25 
1.47889 3.42839 0.75 
1.97889 3.07161 0.25 
1.02111 3.92839 1.75 
1.52111 3.57161 1.25 
1.47889 3.42839 1.75 
1.97889 3.07161 1.25 
1.02111 3.92839 2.75 
1.52111 3.57161 2.25 
1.47889 3.42839 2.75 
1.97889 3.07161 2.25 
1.02111 3.92839 3.75 
1.52111 3.57161 3.25 
1.47889 3.42839 3.75 
1.97889 3.07161 3.25 
1.02111 3.92839 4.75 
1.52111 3.57161 4.25 
1.47889 3.42839 4.75 
1.97889 3.07161 4.25 
1.02111 3.92839 5.75 
1.52111 3.57161 5.25 
1.47889 3.42839 5.75 
1.97889 3.07161 5.25 
1.02111 3.92839 6.75 
1.52111 3.57161 6.25 
1.47889 3.42839 6.75 
1.97889 3.07161 6.25 
1.02111 3.92839 7.75 
1.52111 3.57161 7.25 
1.47889 3.42839 7.75 
1.97889 3.07161 7.25 
1.02111 4.92839 0.75 
1.52111 4.57161 0.25 
1.47889 4.42839 0.75 
1.97889 4.07161 0.25 
1.02111 4.92839 1.75 
1.52111 4.57161 1.25 
1.47889 4.42839 1.75 
1.97889 4.07161 1.25 
1.02111 4.92839 2.75 
1.52111 4.57161 2.25 
1.47889 4.42839 2.75 
1.97889 4.07161 2.25 
1.02111 4.92839 3.75 
1.52111 4.57161 3.25 
1.47889 4.42839 3.75 
1.97889 4.07161 3.25 
1.02111 4.92839 4.75 
1.52111 4.57161 4.25 
1.47889 4.42839 4.75 
1.97889 4.07161 4.25 
1.02111 4.92839 5.75 
1.52111 4.57161 5.25 
1.47889 4.42839 5.75 
1.97889 4.07161 5.25 
1.02111 4.92839 6.75 
1.52111 4.57161 6.25 
1.47889 4.42839 6.75 
1.97889 4.07161 6.25 
1.02111 4.92839 7.75 
1.52111 4.57161 7.25 
1.47889 4.42839 7.75 
1.97889 4.07161 7.25 
1.02111 5.92839 0.75 
1.52111 5.57161 0.25 
1.47889 5.42839 0.75 
1.97889 5.07161 0.25 
1.02111 5.92839 1.75 
1.52111 5.57161 1.25 
1.47889 5.42839 1.75 
1.97889 5.07161 1.25 
1.02111 5.92839 2.75 
1.52111 5.57161 2.25 
1.47889 5.42839 2.75 
1.97889 5.07161 2.25 
1.02111 5.92839 3.75 
1.52111 5.57161 3.25 
1.47889 5.42839 3.75 
1.97889 5.07161 3.25 
1.02111 5.92839 4.75 
1.52111 5.57161 4.25 
1.47889 5.42839 4.75 
1.97889 5.07161 4.25 
1.02111 5.92839 5.75 
1.52111 5.57161 5.25 
1.47889 5.42839 5.75 
1.97889 5.07161 5.25 
1.02111 5.92839 6.75 
1.52111 5.57161 6.25 
1.47889 5.42839 6.75 
1.97889 5.07161 6.25 
1.02111 5.92839 7.75 
1.52111 5.57161 7.25 
1.47889 5.42839 7.75 
1.97889 5.07161 7.25 
1.02111 6.92839 0.75 
1.52111 6.57161 0.25 
1.47889 6.42839 0.75 
1.97889 6.07161 0.25 
1.02111 6.92839 1.75 
1.52111 6.57161 1.25 
1.47889 6.42839 1.75 
1.97889 6.07161 1.25 
1.02111 6.92839 2.75 
1.52111 6.57161 2.25 
1.47889 6.42839 2.75 
1.97889 6.07161 2.25 
1.02111 6.92839 3.75 
1.52111 6.57161 3.25 
1.47889 6.42839 3.75 
1.97889 6.07161 3.25 
1.02111 6.92839 4.75 
1.52111 6.57161 4.25 
1.47889 6.42839 4.75 
1.97889 6.07161 4.25 
1.02111 6.92839 5.75 
1.52111 6.57161 5.25 
1.47889 6.42839 5.75 
1.97889 6.07161 5.25 
1.02111 6.92839 6.75 
1.52111 6.57161 6.25 
1.47889 6.42839 6.75 
1.97889 6.07161 6.25 
1.02111 6.92839 7.75 
1.52111 6.57161 7.25 
1.47889 6.42839 7.75 
1.97889 6.07161 7.25 
1.02111 7.92839 0.75 
1.52111 7.57161 0.25 
1.47889 7.42839 0.75 
1.97889 7.07161 0.25 
1.02111 7.92839 1.75 
1.52111 7.57161 1.25 
1.47889 7.42839 1.75 
1.97889 7.07161 1.25 
1.02111 7.92839 2.75 
1.52111 7.57161 2.25 
1.47889 7.42839 2.75 
1.97889 7.07161 2.25 
1.02111 7.92839 3.75 
1.52111 7.57161 3.25 
1.47889 7.42839 3.75 
1.97889 7.07161 3.25 
1.02111 7.92839 4.75 
1.52111 7.57161 4.25 
1.47889 7.42839 4.75 
1.97889 7.07161 4.25 
1.02111 7.92839 5.75 
1.52111 7.57161 5.25 
1.47889 7.42839 5.75 
1.97889 7.07161 5.25 
1.02111 7.92839 6.75 
1.52111 7.57161 6.25 
1.47889 7.42839 6.75 
1.97889 7.07161 6.25 
1.02111 7.92839 7.75 
1.52111 7.57161 7.25 
1.47889 7.42839 7.75 
1.97889 7.07161 7.25 
2.02111 0.92839 0.75 
2.52111 0.57161 0.25 
2.47889 0.42839 0.75 
2.97889 0.07161 0.25 
2.02111 0.92839 1.75 
2.52111 0.57161 1.25 
2.47889 0.42839 1.75 
2.97889 0.07161 1.25 
2.02111 0.92839 2.75 
2.52111 0.57161 2.25 
2.47889 0.42839 2.75 
2.97889 0.07161 2.25 
2.02111 0.92839 3.75 
2.52111 0.57161 3.25 
2.47889 0.42839 3.75 
2.97889 0.07161 3.25 
2.02111 0.92839 4.75 
2.52111 0.57161 4.25 
2.47889 0.42839 4.75 
2.97889 0.07161 4.25 
2.02111 0.92839 5.75 
2.52111 0.57161 5.25 
2.47889 0.42839 5.75 
2.97889 0.07161 5.25 
2.02111 0.92839 6.75 
2.52111 0.57161 6.25 
2.47889 0.42839 6.75 
2.97889 0.07161 6.25 
2.02111 0.92839 7.75 
2.52111 0.57161 7.25 
2.47889 0.42839 7.75 
2.97889 0.07161 7.25 
2.02111 1.92839 0.75 
2.52111 1.57161 0.25 
2.47889 1.42839 0.75 
2.97889 1.07161 0.25 
2.02111 1.92839 1.75 
2.52111 1.57161 1.25 
2.47889 1.42839 1.75 
2.97889 1.07161 1.25 
2.02111 1.92839 2.75 
2.52111 1.57161 2.25 
2.47889 1.42839 2.75 
2.97889 1.07161 2.25 
2.02111 1.92839 3.75 
2.52111 1.57161 3.25 
2.47889 1.42839 3.75 
2.97889 1.07161 3.25 
2.02111 1.92839 4.75 
2.52111 1.57161 4.25 
2.47889 1.42839 4.75 
2.97889 1.07161 4.25 
2.02111 1.92839 5.75 
2.52111 1.57161 5.25 
2.47889 1.42839 5.75 
2.97889 1.07161 5.25 
2.02111 1.92839 6.75 
2.52111 1.57161 6.25 
2.47889 1.42839 6.75 
2.97889 1.07161 6.25 
2.02111 1.92839 7.75 
2.52111 1.57161 7.25 
2.47889 1.42839 7.75 
2.97889 1.07161 7.25 
2.02111 2.92839 0.75 
2.52111 2.57161 0.25 
2.47889 2.42839 0.75 
2.97889 2.07161 0.25 
2.02111 2.92839 1.75 
2.52111 2.57161 1.25 
2.47889 2.42839 1.75 
2.97889 2.07161 1.25 
2.02111 2.92839 2.75 
2.52111 2.57161 2.25 
2.47889 2.42839 2.75 
2.97889 2.07161 2.25 
2.02111 2.92839 3.75 
2.52111 2.57161 3.25 
2.47889 2.42839 3.75 
2.97889 2.07161 3.25 
2.02111 2.92839 4.75 
2.52111 2.57161 4.25 
2.47889 2.42839 4.75 
2.97889 2.07161 4.25 
2.02111 2.92839 5.75 
2.52111 2.57161 5.25 
2.47889 2.42839 5.75 
2.97889 2.07161 5.25 
2.02111 2.92839 6.75 
2.52111 2.57161 6.25 
2.47889 2.42839 6.75 
2.97889 2.07161 6.25 
2.02111 2.92839 7.75 
2.52111 2.57161 7.25 
2.47889 2.42839 7.75 
2.97889 2.07161 7.25 
2.02111 3.92839 0.75 
2.52111 3.57161 0.25 
2.47889 3.42839 0.75 
2.97889 3.07161 0.25 
2.02111 3.92839 1.75 
2.52111 3.57161 1.25 
2.47889 3.42839 1.75 
2.97889 3.07161 1.25 
2.02111 3.92839 2.75 
2.52111 3.57161 2.25 
2.47889 3.42839 2.75 
2.97889 3.07161 2.25 
2.02111 3.92839 3.75 
2.52111 3.57161 3.25 
2.47889 3.42839 3.75 
2.97889 3.07161 3.25 
2.02111 3.92839 4.75 
2.52111 3.57161 4.25 
2.47889 3.42839 4.75 
2.97889 3.07161 4.25 
2.02111 3.92839 5.75 
2.52111 3.57161 5.25 
2.47889 3.42839 5.75 
2.97889 3.07161 5.25 
2.02111 3.92839 6.75 
2.52111 3.57161 6.25 
2.47889 3.42839 6.75 
2.97889 3.07161 6.25 
2.02111 3.92839 7.75 
2.52111 3.57161 7.25 
2.47889 3.42839 7.75 
2.97889 3.07161 7.25 
2.02111 4.92839 0.75 
2.52111 4.57161 0.25 
2.47889 4.42839 0.75 
2.97889 4.07161 0.25 
2.02111 4.92839 1.75 
2.52111 4.57161 1.25 
2.47889 4.42839 1.75 
2.97889 4.07161 1.25 
2.02111 4.92839 2.75 
2.52111 4.57161 2.25 
2.47889 4.42839 2.75 
2.97889 4.07161 2.25 
2.02111 4.92839 3.75 
2.52111 4.57161 3.25 
2.47889 4.42839 3.75 
2.97889 4.07161 3.25 
2.02111 4.92839 4.75 
2.52111 4.57161 4.25 
2.47889 4.42839 4.75 
2.97889 4.07161 4.25 
2.02111 4.92839 5.75 
2.52111 4.57161 5.25 
2.47889 4.42839 5.75 
2.97889 4.07161 5.25 
2.02111 4.92839 6.75 
2.52111 4.57161 6.25 
2.47889 4.42839 6.75 
2.97889 4.07161 6.25 
2.02111 4.92839 7.75 
2.52111 4.57161 7.25 
2.47889 4.42839 7.75 
2.97889 4.07161 7.25 
2.02111 5.92839 0.75 
2.52111 5.57161 0.25 
2.47889 5.42839 0.75 
2.97889 5.07161 0.25 
2.02111 5.92839 1.75 
2.52111 5.57161 1.25 
2.47889 5.42839 1.75 
2.97889 5.07161 1.25 
2.02111 5.92839 2.75 
2.52111 5.57161 2.25 
2.47889 5.42839 2.75 
2.97889 5.07161 2.25 
2.02111 5.92839 3.75 
2.52111 5.57161 3.25 
2.47889 5.42839 3.75 
2.97889 5.07161 3.25 
2.02111 5.92839 4.75 
2.52111 5.57161 4.25 
2.47889 5.42839 4.75 
2.97889 5.07161 4.25 
2.02111 5.92839 5.75 
2.52111 5.57161 5.25 
2.47889 5.42839 5.75 
2.97889 5.07161 5.25 
2.02111 5.92839 6.75 
2.52111 5.57161 6.25 
2.47889 5.42839 6.75 
2.97889 5.07161 6.25 
2.02111 5.92839 7.75 
2.52111 5.57161 7.25 
2.47889 5.42839 7.75 
2.97889 5.07161 7.25 
2.02111 6.92839 0.75 
2.52111 6.57161 0.25 
2.47889 6.42839 0.75 
2.97889 6.07161 0.25 
2.02111 6.92839 1.75 
2.52111 6.57161 1.25 
2.47889 6.42839 1.75 
2.97889 6.07161 1.25 
2.02111 6.92839 2.75 
2.52111 6.57161 2.25 
2.47889 6.42839 2.75 
2.97889 6.07161 2.25 
2.02111 6.92839 3.75 
2.52111 6.57161 3.25 
2.47889 6.42839 3.75 
2.97889 6.07161 3.25 
2.02111 6.92839 4.75 
2.52111 6.57161 4.25 
2.47889 6.42839 4.75 
2.97889 6.07161 4.25 
2.02111 6.92839 5.75 
2.52111 6.57161 5.25 
2.47889 6.42839 5.75 
2.97889 6.07161 5.25 
2.02111 6.92839 6.75 
2.52111 6.57161 6.25 
2.47889 6.42839 6.75 
2.97889 6.07161 6.25 
2.02111 6.92839 7.75 
2.52111 6.57161 7.25 
2.47889 6.42839 7.75 
2.97889 6.07161 7.25 
2.02111 7.92839 0.75 
2.52111 7.57161 0.25 
2.47889 7.42839 0.75 
2.97889 7.07161 0.25 
2.02111 7.92839 1.75 
2.52111 7.57161 1.25 
2.47889 7.42839 1.75 
2.97889 7.07161 1.25 
2.02111 7.92839 2.75 
2.52111 7.57161 2.25 
2.47889 7.42839 2.75 
2.97889 7.07161 2.25 
2.02111 7.92839 3.75 
2.52111 7.57161 3.25 
2.47889 7.42839 3.75 
2.97889 7.07161 3.25 
2.02111 7.92839 4.75 
2.52111 7.57161 4.25 
2.47889 7.42839 4.75 
2.97889 7.07161 4.25 
2.02111 7.92839 5.75 
2.52111 7.57161 5.25 
2.47889 7.42839 5.75 
2.97889 7.07161 5.25 
2.02111 7.92839 6.75 
2.52111 7.57161 6.25 
2.47889 7.42839 6.75 
2.97889 7.07161 6.25 
2.02111 7.92839 7.75 
2.52111 7.57161 7.25 
2.47889 7.42839 7.75 
2.97889 7.07161 7.25 
3.02111 0.92839 0.75 
3.52111 0.57161 0.25 
3.47889 0.42839 0.75 
3.97889 0.07161 0.25 
3.02111 0.92839 1.75 
3.52111 0.57161 1.25 
3.47889 0.42839 1.75 
3.97889 0.07161 1.25 
3.02111 0.92839 2.75 
3.52111 0.57161 2.25 
3.47889 0.42839 2.75 
3.97889 0.07161 2.25 
3.02111 0.92839 3.75 
3.52111 0.57161 3.25 
3.47889 0.42839 3.75 
3.97889 0.07161 3.25 
3.02111 0.92839 4.75 
3.52111 0.57161 4.25 
3.47889 0.42839 4.75 
3.97889 0.07161 4.25 
3.02111 0.92839 5.75 
3.52111 0.57161 5.25 
3.47889 0.42839 5.75 
3.97889 0.07161 5.25 
3.02111 0.92839 6.75 
3.52111 0.57161 6.25 
3.47889 0.42839 6.75 
3.97889 0.07161 6.25 
3.02111 0.92839 7.75 
3.52111 0.57161 7.25 
3.47889 0.42839 7.75 
3.97889 0.07161 7.25 
3.02111 1.92839 0.75 
3.52111 1.57161 0.25 
3.47889 1.42839 0.75 
3.97889 1.07161 0.25 
3.02111 1.92839 1.75 
3.52111 1.57161 1.25 
3.47889 1.42839 1.75 
3.97889 1.07161 1.25 
3.02111 1.92839 2.75 
3.52111 1.57161 2.25 
3.47889 1.42839 2.75 
3.97889 1.07161 2.25 
3.02111 1.92839 3.75 
3.52111 1.57161 3.25 
3.47889 1.42839 3.75 
3.97889 1.07161 3.25 
3.02111 1.92839 4.75 
3.52111 1.57161 4.25 
3.47889 1.42839 4.75 
3.97889 1.07161 4.25 
3.02111 1.92839 5.75 
3.52111 1.57161 5.25 
3.47889 1.42839 5.75 
3.97889 1.07161 5.25 
3.02111 1.92839 6.75 
3.52111 1.57161 6.25 
3.47889 1.42839 6.75 
3.97889 1.07161 6.25 
3.02111 1.92839 7.75 
3.52111 1.57161 7.25 
3.47889 1.42839 7.75 
3.97889 1.07161 7.25 
3.02111 2.92839 0.75 
3.52111 2.57161 0.25 
3.47889 2.42839 0.75 
3.97889 2.07161 0.25 
3.02111 2.92839 1.75 
3.52111 2.57161 1.25 
3.47889 2.42839 1.75 
3.97889 2.07161 1.25 
3.02111 2.92839 2.75 
3.52111 2.57161 2.25 
3.47889 2.42839 2.75 
3.97889 2.07161 2.25 
3.02111 2.92839 3.75 
3.52111 2.57161 3.25 
3.47889 2.42839 3.75 
3.97889 2.07161 3.25 
3.02111 2.92839 4.75 
3.52111 2.57161 4.25 
3.47889 2.42839 4.75 
3.97889 2.07161 4.25 
3.02111 2.92839 5.75 
3.52111 2.57161 5.25 
3.47889 2.42839 5.75 
3.97889 2.07161 5.25 
3.02111 2.92839 6.75 
3.52111 2.57161 6.25 
3.47889 2.42839 6.75 
3.97889 2.07161 6.25 
3.02111 2.92839 7.75 
3.52111 2.57161 7.25 
3.47889 2.42839 7.75 
3.97889 2.07161 7.25 
3.02111 3.92839 0.75 
3.52111 3.57161 0.25 
3.47889 3.42839 0.75 
3.97889 3.07161 0.25 
3.02111 3.92839 1.75 
3.52111 3.57161 1.25 
3.47889 3.42839 1.75 
3.97889 3.07161 1.25 
3.02111 3.92839 2.75 
3.52111 3.57161 2.25 
3.47889 3.42839 2.75 
3.97889 3.07161 2.25 
3.02111 3.92839 3.75 
3.52111 3.57161 3.25 
3.47889 3.42839 3.75 
3.97889 3.07161 3.25 
3.02111 3.92839 4.75 
3.52111 3.57161 4.25 
3.47889 3.42839 4.75 
3.97889 3.07161 4.25 
3.02111 3.92839 5.75 
3.52111 3.57161 5.25 
3.47889 3.42839 5.75 
3.97889 3.07161 5.25 
3.02111 3.92839 6.75 
3.52111 3.57161 6.25 
3.47889 3.42839 6.75 
3.97889 3.07161 6.25 
3.02111 3.92839 7.75 
3.52111 3.57161 7.25 
3.47889 3.42839 7.75 
3.97889 3.07161 7.25 
3.02111 4.92839 0.75 
3.52111 4.57161 0.25 
3.47889 4.42839 0.75 
3.97889 4.07161 0.25 
3.02111 4.92839 1.75 
3.52111 4.57161 1.25 
3.47889 4.42839 1.75 
3.97889 4.07161 1.25 
3.02111 4.92839 2.75 
3.52111 4.57161 2.25 
3.47889 4.42839 2.75 
3.97889 4.07161 2.25 
3.02111 4.92839 3.75 
3.52111 4.57161 3.25 
3.47889 4.42839 3.75 
3.97889 4.07161 3.25 
3.02111 4.92839 4.75 
3.52111 4.57161 4.25 
3.47889 4.42839 4.75 
3.97889 4.07161 4.25 
3.02111 4.92839 5.75 
3.52111 4.57161 5.25 
3.47889 4.42839 5.75 
3.97889 4.07161 5.25 
3.02111 4.92839 6.75 
3.52111 4.57161 6.25 
3.47889 4.42839 6.75 
3.97889 4.07161 6.25 
3.02111 4.92839 7.75 
3.52111 4.57161 7.25 
3.47889 4.42839 7.75 
3.97889 4.07161 7.25 
3.02111 5.92839 0.75 
3.52111 5.57161 0.25 
3.47889 5.42839 0.75 
3.97889 5.07161 0.25 
3.02111 5.92839 1.75 
3.52111 5.57161 1.25 
3.47889 5.42839 1.75 
3.97889 5.07161 1.25 
3.02111 5.92839 2.75 
3.52111 5.57161 2.25 
3.47889 5.42839 2.75 
3.97889 5.07161 2.25 
3.02111 5.92839 3.75 
3.52111 5.57161 3.25 
3.47889 5.42839 3.75 
3.97889 5.07161 3.25 
3.02111 5.92839 4.75 
3.52111 5.57161 4.25 
3.47889 5.42839 4.75 
3.97889 5.07161 4.25 
3.02111 5.92839 5.75 
3.52111 5.57161 5.25 
3.47889 5.42839 5.75 
3.97889 5.07161 5.25 
3.02111 5.92839 6.75 
3.52111 5.57161 6.25 
3.47889 5.42839 6.75 
3.97889 5.07161 6.25 
3.02111 5.92839 7.75 
3.52111 5.57161 7.25 
3.47889 5.42839 7.75 
3.97889 5.07161 7.25 
3.02111 6.92839 0.75 
3.52111 6.57161 0.25 
3.47889 6.42839 0.75 
3.97889 6.07161 0.25 
3.02111 6.92839 1.75 
3.52111 6.57161 1.25 
3.47889 6.42839 1.75 
3.97889 6.07161 1.25 
3.02111 6.92839 2.75 
3.52111 6.57161 2.25 
3.47889 6.42839 2.75 
3.97889 6.07161 2.25 
3.02111 6.92839 3.75 
3.52111 6.57161 3.25 
3.47889 6.42839 3.75 
3.97889 6.07161 3.25 
3.02111 6.92839 4.75 
3.52111 6.57161 4.25 
3.47889 6.42839 4.75 
3.97889 6.07161 4.25 
3.02111 6.92839 5.75 
3.52111 6.57161 5.25 
3.47889 6.42839 5.75 
3.97889 6.07161 5.25 
3.02111 6.92839 6.75 
3.52111 6.57161 6.25 
3.47889 6.42839 6.75 
3.97889 6.07161 6.25 
3.02111 6.92839 7.75 
3.52111 6.57161 7.25 
3.47889 6.42839 7.75 
3.97889 6.07161 7.25 
3.02111 7.92839 0.75 
3.52111 7.57161 0.25 
3.47889 7.42839 0.75 
3.97889 7.07161 0.25 
3.02111 7.92839 1.75 
3.52111 7.57161 1.25 
3.47889 7.42839 1.75 
3.97889 7.07161 1.25 
3.02111 7.92839 2.75 
3.52111 7.57161 2.25 
3.47889 7.42839 2.75 
3.97889 7.07161 2.25 
3.02111 7.92839 3.75 
3.52111 7.57161 3.25 
3.47889 7.42839 3.75 
3.97889 7.07161 3.25 
3.02111 7.92839 4.75 
3.52111 7.57161 4.25 
3.47889 7.42839 4.75 
3.97889 7.07161 4.25 
3.02111 7.92839 5.75 
3.52111 7.57161 5.25 
3.47889 7.42839 5.75 
3.97889 7.07161 5.25 
3.02111 7.92839 6.75 
3.52111 7.57161 6.25 
3.47889 7.42839 6.75 
3.97889 7.07161 6.25 
3.02111 7.92839 7.75 
3.52111 7.57161 7.25 
3.47889 7.42839 7.75 
3.97889 7.07161 7.25 
4.02111 0.92839 0.75 
4.52111 0.57161 0.25 
4.47889 0.42839 0.75 
4.97889 0.07161 0.25 
4.02111 0.92839 1.75 
4.52111 0.57161 1.25 
4.47889 0.42839 1.75 
4.97889 0.07161 1.25 
4.02111 0.92839 2.75 
4.52111 0.57161 2.25 
4.47889 0.42839 2.75 
4.97889 0.07161 2.25 
4.02111 0.92839 3.75 
4.52111 0.57161 3.25 
4.47889 0.42839 3.75 
4.97889 0.07161 3.25 
4.02111 0.92839 4.75 
4.52111 0.57161 4.25 
4.47889 0.42839 4.75 
4.97889 0.07161 4.25 
4.02111 0.92839 5.75 
4.52111 0.57161 5.25 
4.47889 0.42839 5.75 
4.97889 0.07161 5.25 
4.02111 0.92839 6.75 
4.52111 0.57161 6.25 
4.47889 0.42839 6.75 
4.97889 0.07161 6.25 
4.02111 0.92839 7.75 
4.52111 0.57161 7.25 
4.47889 0.42839 7.75 
4.97889 0.07161 7.25 
4.02111 1.92839 0.75 
4.52111 1.57161 0.25 
4.47889 1.42839 0.75 
4.97889 1.07161 0.25 
4.02111 1.92839 1.75 
4.52111 1.57161 1.25 
4.47889 1.42839 1.75 
4.97889 1.07161 1.25 
4.02111 1.92839 2.75 
4.52111 1.57161 2.25 
4.47889 1.42839 2.75 
4.97889 1.07161 2.25 
4.02111 1.92839 3.75 
4.52111 1.57161 3.25 
4.47889 1.42839 3.75 
4.97889 1.07161 3.25 
4.02111 1.92839 4.75 
4.52111 1.57161 4.25 
4.47889 1.42839 4.75 
4.97889 1.07161 4.25 
4.02111 1.92839 5.75 
4.52111 1.57161 5.25 
4.47889 1.42839 5.75 
4.97889 1.07161 5.25 
4.02111 1.92839 6.75 
4.52111 1.57161 6.25 
4.47889 1.42839 6.75 
4.97889 1.07161 6.25 
4.02111 1.92839 7.75 
4.52111 1.57161 7.25 
4.47889 1.42839 7.75 
4.97889 1.07161 7.25 
4.02111 2.92839 0.75 
4.52111 2.57161 0.25 
4.47889 2.42839 0.75 
4.97889 2.07161 0.25 
4.02111 2.92839 1.75 
4.52111 2.57161 1.25 
4.47889 2.42839 1.75 
4.97889 2.07161 1.25 
4.02111 2.92839 2.75 
4.52111 2.57161 2.25 
4.47889 2.42839 2.75 
4.97889 2.07161 2.25 
4.02111 2.92839 3.75 
4.52111 2.57161 3.25 
4.47889 2.42839 3.75 
4.97889 2.07161 3.25 
4.02111 2.92839 4.75 
4.52111 2.57161 4.25 
4.47889 2.42839 4.75 
4.97889 2.07161 4.25 
4.02111 2.92839 5.75 
4.52111 2.57161 5.25 
4.47889 2.42839 5.75 
4.97889 2.07161 5.25 
4.02111 2.92839 6.75 
4.52111 2.57161 6.25 
4.47889 2.42839 6.75 
4.97889 2.07161 6.25 
4.02111 2.92839 7.75 
4.52111 2.57161 7.25 
4.47889 2.42839 7.75 
4.97889 2.07161 7.25 
4.02111 3.92839 0.75 
4.52111 3.57161 0.25 
4.47889 3.42839 0.75 
4.97889 3.07161 0.25 
4.02111 3.92839 1.75 
4.52111 3.57161 1.25 
4.47889 3.42839 1.75 
4.97889 3.07161 1.25 
4.02111 3.92839 2.75 
4.52111 3.57161 2.25 
4.47889 3.42839 2.75 
4.97889 3.07161 2.25 
4.02111 3.92839 3.75 
4.52111 3.57161 3.25 
4.47889 3.42839 3.75 
4.97889 3.07161 3.25 
4.02111 3.92839 4.75 
4.52111 3.57161 4.25 
4.47889 3.42839 4.75 
4.97889 3.07161 4.25 
4.02111 3.92839 5.75 
4.52111 3.57161 5.25 
4.47889 3.42839 5.75 
4.97889 3.07161 5.25 
4.02111 3.92839 6.75 
4.52111 3.57161 6.25 
4.47889 3.42839 6.75 
4.97889 3.07161 6.25 
4.02111 3.92839 7.75 
4.52111 3.57161 7.25 
4.47889 3.42839 7.75 
4.97889 3.07161 7.25 
4.02111 4.92839 0.75 
4.52111 4.57161 0.25 
4.47889 4.42839 0.75 
4.97889 4.07161 0.25 
4.02111 4.92839 1.75 
4.52111 4.57161 1.25 
4.47889 4.42839 1.75 
4.97889 4.07161 1.25 
4.02111 4.92839 2.75 
4.52111 4.57161 2.25 
4.47889 4.42839 2.75 
4.97889 4.07161 2.25 
4.02111 4.92839 3.75 
4.52111 4.57161 3.25 
4.47889 4.42839 3.75 
4.97889 4.07161 3.25 
4.02111 4.92839 4.75 
4.52111 4.57161 4.25 
4.47889 4.42839 4.75 
4.97889 4.07161 4.25 
4.02111 4.92839 5.75 
4.52111 4.57161 5.25 
4.47889 4.42839 5.75 
4.97889 4.07161 5.25 
4.02111 4.92839 6.75 
4.52111 4.57161 6.25 
4.47889 4.42839 6.75 
4.97889 4.07161 6.25 
4.02111 4.92839 7.75 
4.52111 4.57161 7.25 
4.47889 4.42839 7.75 
4.97889 4.07161 7.25 
4.02111 5.92839 0.75 
4.52111 5.57161 0.25 
4.47889 5.42839 0.75 
4.97889 5.07161 0.25 
4.02111 5.92839 1.75 
4.52111 5.57161 1.25 
4.47889 5.42839 1.75 
4.97889 5.07161 1.25 
4.02111 5.92839 2.75 
4.52111 5.57161 2.25 
4.47889 5.42839 2.75 
4.97889 5.07161 2.25 
4.02111 5.92839 3.75 
4.52111 5.57161 3.25 
4.47889 5.42839 3.75 
4.97889 5.07161 3.25 
4.02111 5.92839 4.75 
4.52111 5.57161 4.25 
4.47889 5.42839 4.75 
4.97889 5.07161 4.25 
4.02111 5.92839 5.75 
4.52111 5.57161 5.25 
4.47889 5.42839 5.75 
4.97889 5.07161 5.25 
4.02111 5.92839 6.75 
4.52111 5.57161 6.25 
4.47889 5.42839 6.75 
4.97889 5.07161 6.25 
4.02111 5.92839 7.75 
4.52111 5.57161 7.25 
4.47889 5.42839 7.75 
4.97889 5.07161 7.25 
4.02111 6.92839 0.75 
4.52111 6.57161 0.25 
4.47889 6.42839 0.75 
4.97889 6.07161 0.25 
4.02111 6.92839 1.75 
4.52111 6.57161 1.25 
4.47889 6.42839 1.75 
4.97889 6.07161 1.25 
4.02111 6.92839 2.75 
4.52111 6.57161 2.25 
4.47889 6.42839 2.75 
4.97889 6.07161 2.25 
4.02111 6.92839 3.75 
4.52111 6.57161 3.25 
4.47889 6.42839 3.75 
4.97889 6.07161 3.25 
4.02111 6.92839 4.75 
4.52111 6.57161 4.25 
4.47889 6.42839 4.75 
4.97889 6.07161 4.25 
4.02111 6.92839 5.75 
4.52111 6.57161 5.25 
4.47889 6.42839 5.75 
4.97889 6.07161 5.25 
4.02111 6.92839 6.75 
4.52111 6.57161 6.25 
4.47889 6.42839 6.75 
4.97889 6.07161 6.25 
4.02111 6.92839 7.75 
4.52111 6.57161 7.25 
4.47889 6.42839 7.75 
4.97889 6.07161 7.25 
4.02111 7.92839 0.75 
4.52111 7.57161 0.25 
4.47889 7.42839 0.75 
4.97889 7.07161 0.25 
4.02111 7.92839 1.75 
4.52111 7.57161 1.25 
4.47889 7.42839 1.75 
4.97889 7.07161 1.25 
4.02111 7.92839 2.75 
4.52111 7.57161 2.25 
4.47889 7.42839 2.75 
4.97889 7.07161 2.25 
4.02111 7.92839 3.75 
4.52111 7.57161 3.25 
4.47889 7.42839 3.75 
4.97889 7.07161 3.25 
4.02111 7.92839 4.75 
4.52111 7.57161 4.25 
4.47889 7.42839 4.75 
4.97889 7.07161 4.25 
4.02111 7.92839 5.75 
4.52111 7.57161 5.25 
4.47889 7.42839 5.75 
4.97889 7.07161 5.25 
4.02111 7.92839 6.75 
4.52111 7.57161 6.25 
4.47889 7.42839 6.75 
4.97889 7.07161 6.25 
4.02111 7.92839 7.75 
4.52111 7.57161 7.25 
4.47889 7.42839 7.75 
4.97889 7.07161 7.25 
5.02111 0.92839 0.75 
5.52111 0.57161 0.25 
5.47889 0.42839 0.75 
5.97889 0.07161 0.25 
5.02111 0.92839 1.75 
5.52111 0.57161 1.25 
5.47889 0.42839 1.75 
5.97889 0.07161 1.25 
5.02111 0.92839 2.75 
5.52111 0.57161 2.25 
5.47889 0.42839 2.75 
5.97889 0.07161 2.25 
5.02111 0.92839 3.75 
5.52111 0.57161 3.25 
5.47889 0.42839 3.75 
5.97889 0.07161 3.25 
5.02111 0.92839 4.75 
5.52111 0.57161 4.25 
5.47889 0.42839 4.75 
5.97889 0.07161 4.25 
5.02111 0.92839 5.75 
5.52111 0.57161 5.25 
5.47889 0.42839 5.75 
5.97889 0.07161 5.25 
5.02111 0.92839 6.75 
5.52111 0.57161 6.25 
5.47889 0.42839 6.75 
5.97889 0.07161 6.25 
5.02111 0.92839 7.75 
5.52111 0.57161 7.25 
5.47889 0.42839 7.75 
5.97889 0.07161 7.25 
5.02111 1.92839 0.75 
5.52111 1.57161 0.25 
5.47889 1.42839 0.75 
5.97889 1.07161 0.25 
5.02111 1.92839 1.75 
5.52111 1.57161 1.25 
5.47889 1.42839 1.75 
5.97889 1.07161 1.25 
5.02111 1.92839 2.75 
5.52111 1.57161 2.25 
5.47889 1.42839 2.75 
5.97889 1.07161 2.25 
5.02111 1.92839 3.75 
5.52111 1.57161 3.25 
5.47889 1.42839 3.75 
5.97889 1.07161 3.25 
5.02111 1.92839 4.75 
5.52111 1.57161 4.25 
5.47889 1.42839 4.75 
5.97889 1.07161 4.25 
5.02111 1.92839 5.75 
5.52111 1.57161 5.25 
5.47889 1.42839 5.75 
5.97889 1.07161 5.25 
5.02111 1.92839 6.75 
5.52111 1.57161 6.25 
5.47889 1.42839 6.75 
5.97889 1.07161 6.25 
5.02111 1.92839 7.75 
5.52111 1.57161 7.25 
5.47889 1.42839 7.75 
5.97889 1.07161 7.25 
5.02111 2.92839 0.75 
5.52111 2.57161 0.25 
5.47889 2.42839 0.75 
5.97889 2.07161 0.25 
5.02111 2.92839 1.75 
5.52111 2.57161 1.25 
5.47889 2.42839 1.75 
5.97889 2.07161 1.25 
5.02111 2.92839 2.75 
5.52111 2.57161 2.25 
5.47889 2.42839 2.75 
5.97889 2.07161 2.25 
5.02111 2.92839 3.75 
5.52111 2.57161 3.25 
5.47889 2.42839 3.75 
5.97889 2.07161 3.25 
5.02111 2.92839 4.75 
5.52111 2.57161 4.25 
5.47889 2.42839 4.75 
5.97889 2.07161 4.25 
5.02111 2.92839 5.75 
5.52111 2.57161 5.25 
5.47889 2.42839 5.75 
5.97889 2.07161 5.25 
5.02111 2.92839 6.75 
5.52111 2.57161 6.25 
5.47889 2.42839 6.75 
5.97889 2.07161 6.25 
5.02111 2.92839 7.75 
5.52111 2.57161 7.25 
5.47889 2.42839 7.75 
5.97889 2.07161 7.25 
5.02111 3.92839 0.75 
5.52111 3.57161 0.25 
5.47889 3.42839 0.75 
5.97889 3.07161 0.25 
5.02111 3.92839 1.75 
5.52111 3.57161 1.25 
5.47889 3.42839 1.75 
5.97889 3.07161 1.25 
5.02111 3.92839 2.75 
5.52111 3.57161 2.25 
5.47889 3.42839 2.75 
5.97889 3.07161 2.25 
5.02111 3.92839 3.75 
5.52111 3.57161 3.25 
5.47889 3.42839 3.75 
5.97889 3.07161 3.25 
5.02111 3.92839 4.75 
5.52111 3.57161 4.25 
5.47889 3.42839 4.75 
5.97889 3.07161 4.25 
5.02111 3.92839 5.75 
5.52111 3.57161 5.25 
5.47889 3.42839 5.75 
5.97889 3.07161 5.25 
5.02111 3.92839 6.75 
5.52111 3.57161 6.25 
5.47889 3.42839 6.75 
5.97889 3.07161 6.25 
5.02111 3.92839 7.75 
5.52111 3.57161 7.25 
5.47889 3.42839 7.75 
5.97889 3.07161 7.25 
5.02111 4.92839 0.75 
5.52111 4.57161 0.25 
5.47889 4.42839 0.75 
5.97889 4.07161 0.25 
5.02111 4.92839 1.75 
5.52111 4.57161 1.25 
5.47889 4.42839 1.75 
5.97889 4.07161 1.25 
5.02111 4.92839 2.75 
5.52111 4.57161 2.25 
5.47889 4.42839 2.75 
5.97889 4.07161 2.25 
5.02111 4.92839 3.75 
5.52111 4.57161 3.25 
5.47889 4.42839 3.75 
5.97889 4.07161 3.25 
5.02111 4.92839 4.75 
5.52111 4.57161 4.25 
5.47889 4.42839 4.75 
5.97889 4.07161 4.25 
5.02111 4.92839 5.75 
5.52111 4.57161 5.25 
5.47889 4.42839 5.75 
5.97889 4.07161 5.25 
5.02111 4.92839 6.75 
5.52111 4.57161 6.25 
5.47889 4.42839 6.75 
5.97889 4.07161 6.25 
5.02111 4.92839 7.75 
5.52111 4.57161 7.25 
5.47889 4.42839 7.75 
5.97889 4.07161 7.25 
5.02111 5.92839 0.75 
5.52111 5.57161 0.25 
5.47889 5.42839 0.75 
5.97889 5.07161 0.25 
5.02111 5.92839 1.75 
5.52111 5.57161 1.25 
5.47889 5.42839 1.75 
5.97889 5.07161 1.25 
5.02111 5.92839 2.75 
5.52111 5.57161 2.25 
5.47889 5.42839 2.75 
5.97889 5.07161 2.25 
5.02111 5.92839 3.75 
5.52111 5.57161 3.25 
5.47889 5.42839 3.75 
5.97889 5.07161 3.25 
5.02111 5.92839 4.75 
5.52111 5.57161 4.25 
5.47889 5.42839 4.75 
5.97889 5.07161 4.25 
5.02111 5.92839 5.75 
5.52111 5.57161 5.25 
5.47889 5.42839 5.75 
5.97889 5.07161 5.25 
5.02111 5.92839 6.75 
5.52111 5.57161 6.25 
5.47889 5.42839 6.75 
5.97889 5.07161 6.25 
5.02111 5.92839 7.75 
5.52111 5.57161 7.25 
5.47889 5.42839 7.75 
5.97889 5.07161 7.25 
5.02111 6.92839 0.75 
5.52111 6.57161 0.25 
5.47889 6.42839 0.75 
5.97889 6.07161 0.25 
5.02111 6.92839 1.75 
5.52111 6.57161 1.25 
5.47889 6.42839 1.75 
5.97889 6.07161 1.25 
5.02111 6.92839 2.75 
5.52111 6.57161 2.25 
5.47889 6.42839 2.75 
5.97889 6.07161 2.25 
5.02111 6.92839 3.75 
5.52111 6.57161 3.25 
5.47889 6.42839 3.75 
5.97889 6.07161 3.25 
5.02111 6.92839 4.75 
5.52111 6.57161 4.25 
5.47889 6.42839 4.75 
5.97889 6.07161 4.25 
5.02111 6.92839 5.75 
5.52111 6.57161 5.25 
5.47889 6.42839 5.75 
5.97889 6.07161 5.25 
5.02111 6.92839 6.75 
5.52111 6.57161 6.25 
5.47889 6.42839 6.75 
5.97889 6.07161 6.25 
5.02111 6.92839 7.75 
5.52111 6.57161 7.25 
5.47889 6.42839 7.75 
5.97889 6.07161 7.25 
5.02111 7.92839 0.75 
5.52111 7.57161 0.25 
5.47889 7.42839 0.75 
5.97889 7.07161 0.25 
5.02111 7.92839 1.75 
5.52111 7.57161 1.25 
5.47889 7.42839 1.75 
5.97889 7.07161 1.25 
5.02111 7.92839 2.75 
5.52111 7.57161 2.25 
5.47889 7.42839 2.75 
5.97889 7.07161 2.25 
5.02111 7.92839 3.75 
5.52111 7.57161 3.25 
5.47889 7.42839 3.75 
5.97889 7.07161 3.25 
5.02111 7.92839 4.75 
5.52111 7.57161 4.25 
5.47889 7.42839 4.75 
5.97889 7.07161 4.25 
5.02111 7.92839 5.75 
5.52111 7.57161 5.25 
5.47889 7.42839 5.75 
5.97889 7.07161 5.25 
5.02111 7.92839 6.75 
5.52111 7.57161 6.25 
5.47889 7.42839 6.75 
5.97889 7.07161 6.25 
5.02111 7.92839 7.75 
5.52111 7.57161 7.25 
5.47889 7.42839 7.75 
5.97889 7.07161 7.25 
6.02111 0.92839 0.75 
6.52111 0.57161 0.25 
6.47889 0.42839 0.75 
6.97889 0.07161 0.25 
6.02111 0.92839 1.75 
6.52111 0.57161 1.25 
6.47889 0.42839 1.75 
6.97889 0.07161 1.25 
6.02111 0.92839 2.75 
6.52111 0.57161 2.25 
6.47889 0.42839 2.75 
6.97889 0.07161 2.25 
6.02111 0.92839 3.75 
6.52111 0.57161 3.25 
6.47889 0.42839 3.75 
6.97889 0.07161 3.25 
6.02111 0.92839 4.75 
6.52111 0.57161 4.25 
6.47889 0.42839 4.75 
6.97889 0.07161 4.25 
6.02111 0.92839 5.75 
6.52111 0.57161 5.25 
6.47889 0.42839 5.75 
6.97889 0.07161 5.25 
6.02111 0.92839 6.75 
6.52111 0.57161 6.25 
6.47889 0.42839 6.75 
6.97889 0.07161 6.25 
6.02111 0.92839 7.75 
6.52111 0.57161 7.25 
6.47889 0.42839 7.75 
6.97889 0.07161 7.25 
6.02111 1.92839 0.75 
6.52111 1.57161 0.25 
6.47889 1.42839 0.75 
6.97889 1.07161 0.25 
6.02111 1.92839 1.75 
6.52111 1.57161 1.25 
6.47889 1.42839 1.75 
6.97889 1.07161 1.25 
6.02111 1.92839 2.75 
6.52111 1.57161 2.25 
6.47889 1.42839 2.75 
6.97889 1.07161 2.25 
6.02111 1.92839 3.75 
6.52111 1.57161 3.25 
6.47889 1.42839 3.75 
6.97889 1.07161 3.25 
6.02111 1.92839 4.75 
6.52111 1.57161 4.25 
6.47889 1.42839 4.75 
6.97889 1.07161 4.25 
6.02111 1.92839 5.75 
6.52111 1.57161 5.25 
6.47889 1.42839 5.75 
6.97889 1.07161 5.25 
6.02111 1.92839 6.75 
6.52111 1.57161 6.25 
6.47889 1.42839 6.75 
6.97889 1.07161 6.25 
6.02111 1.92839 7.75 
6.52111 1.57161 7.25 
6.47889 1.42839 7.75 
6.97889 1.07161 7.25 
6.02111 2.92839 0.75 
6.52111 2.57161 0.25 
6.47889 2.42839 0.75 
6.97889 2.07161 0.25 
6.02111 2.92839 1.75 
6.52111 2.57161 1.25 
6.47889 2.42839 1.75 
6.97889 2.07161 1.25 
6.02111 2.92839 2.75 
6.52111 2.57161 2.25 
6.47889 2.42839 2.75 
6.97889 2.07161 2.25 
6.02111 2.92839 3.75 
6.52111 2.57161 3.25 
6.47889 2.42839 3.75 
6.97889 2.07161 3.25 
6.02111 2.92839 4.75 
6.52111 2.57161 4.25 
6.47889 2.42839 4.75 
6.97889 2.07161 4.25 
6.02111 2.92839 5.75 
6.52111 2.57161 5.25 
6.47889 2.42839 5.75 
6.97889 2.07161 5.25 
6.02111 2.92839 6.75 
6.52111 2.57161 6.25 
6.47889 2.42839 6.75 
6.97889 2.07161 6.25 
6.02111 2.92839 7.75 
6.52111 2.57161 7.25 
6.47889 2.42839 7.75 
6.97889 2.07161 7.25 
6.02111 3.92839 0.75 
6.52111 3.57161 0.25 
6.47889 3.42839 0.75 
6.97889 3.07161 0.25 
6.02111 3.92839 1.75 
6.52111 3.57161 1.25 
6.47889 3.42839 1.75 
6.97889 3.07161 1.25 
6.02111 3.92839 2.75 
6.52111 3.57161 2.25 
6.47889 3.42839 2.75 
6.97889 3.07161 2.25 
6.02111 3.92839 3.75 
6.52111 3.57161 3.25 
6.47889 3.42839 3.75 
6.97889 3.07161 3.25 
6.02111 3.92839 4.75 
6.52111 3.57161 4.25 
6.47889 3.42839 4.75 
6.97889 3.07161 4.25 
6.02111 3.92839 5.75 
6.52111 3.57161 5.25 
6.47889 3.42839 5.75 
6.97889 3.07161 5.25 
6.02111 3.92839 6.75 
6.52111 3.57161 6.25 
6.47889 3.42839 6.75 
6.97889 3.07161 6.25 
6.02111 3.92839 7.75 
6.52111 3.57161 7.25 
6.47889 3.42839 7.75 
6.97889 3.07161 7.25 
6.02111 4.92839 0.75 
6.52111 4.57161 0.25 
6.47889 4.42839 0.75 
6.97889 4.07161 0.25 
6.02111 4.92839 1.75 
6.52111 4.57161 1.25 
6.47889 4.42839 1.75 
6.97889 4.07161 1.25 
6.02111 4.92839 2.75 
6.52111 4.57161 2.25 
6.47889 4.42839 2.75 
6.97889 4.07161 2.25 
6.02111 4.92839 3.75 
6.52111 4.57161 3.25 
6.47889 4.42839 3.75 
6.97889 4.07161 3.25 
6.02111 4.92839 4.75 
6.52111 4.57161 4.25 
6.47889 4.42839 4.75 
6.97889 4.07161 4.25 
6.02111 4.92839 5.75 
6.52111 4.57161 5.25 
6.47889 4.42839 5.75 
6.97889 4.07161 5.25 
6.02111 4.92839 6.75 
6.52111 4.57161 6.25 
6.47889 4.42839 6.75 
6.97889 4.07161 6.25 
6.02111 4.92839 7.75 
6.52111 4.57161 7.25 
6.47889 4.42839 7.75 
6.97889 4.07161 7.25 
6.02111 5.92839 0.75 
6.52111 5.57161 0.25 
6.47889 5.42839 0.75 
6.97889 5.07161 0.25 
6.02111 5.92839 1.75 
6.52111 5.57161 1.25 
6.47889 5.42839 1.75 
6.97889 5.07161 1.25 
6.02111 5.92839 2.75 
6.52111 5.57161 2.25 
6.47889 5.42839 2.75 
6.97889 5.07161 2.25 
6.02111 5.92839 3.75 
6.52111 5.57161 3.25 
6.47889 5.42839 3.75 
6.97889 5.07161 3.25 
6.02111 5.92839 4.75 
6.52111 5.57161 4.25 
6.47889 5.42839 4.75 
6.97889 5.07161 4.25 
6.02111 5.92839 5.75 
6.52111 5.57161 5.25 
6.47889 5.42839 5.75 
6.97889 5.07161 5.25 
6.02111 5.92839 6.75 
6.52111 5.57161 6.25 
6.47889 5.42839 6.75 
6.97889 5.07161 6.25 
6.02111 5.92839 7.75 
6.52111 5.57161 7.25 
6.47889 5.42839 7.75 
6.97889 5.07161 7.25 
6.02111 6.92839 0.75 
6.52111 6.57161 0.25 
6.47889 6.42839 0.75 
6.97889 6.07161 0.25 
6.02111 6.92839 1.75 
6.52111 6.57161 1.25 
6.47889 6.42839 1.75 
6.97889 6.07161 1.25 
6.02111 6.92839 2.75 
6.52111 6.57161 2.25 
6.47889 6.42839 2.75 
6.97889 6.07161 2.25 
6.02111 6.92839 3.75 
6.52111 6.57161 3.25 
6.47889 6.42839 3.75 
6.97889 6.07161 3.25 
6.02111 6.92839 4.75 
6.52111 6.57161 4.25 
6.47889 6.42839 4.75 
6.97889 6.07161 4.25 
6.02111 6.92839 5.75 
6.52111 6.57161 5.25 
6.47889 6.42839 5.75 
6.97889 6.07161 5.25 
6.02111 6.92839 6.75 
6.52111 6.57161 6.25 
6.47889 6.42839 6.75 
6.97889 6.07161 6.25 
6.02111 6.92839 7.75 
6.52111 6.57161 7.25 
6.47889 6.42839 7.75 
6.97889 6.07161 7.25 
6.02111 7.92839 0.75 
6.52111 7.57161 0.25 
6.47889 7.42839 0.75 
6.97889 7.07161 0.25 
6.02111 7.92839 1.75 
6.52111 7.57161 1.25 
6.47889 7.42839 1.75 
6.97889 7.07161 1.25 
6.02111 7.92839 2.75 
6.52111 7.57161 2.25 
6.47889 7.42839 2.75 
6.97889 7.07161 2.25 
6.02111 7.92839 3.75 
6.52111 7.57161 3.25 
6.47889 7.42839 3.75 
6.97889 7.07161 3.25 
6.02111 7.92839 4.75 
6.52111 7.57161 4.25 
6.47889 7.42839 4.75 
6.97889 7.07161 4.25 
6.02111 7.92839 5.75 
6.52111 7.57161 5.25 
6.47889 7.42839 5.75 
6.97889 7.07161 5.25 
6.02111 7.92839 6.75 
6.52111 7.57161 6.25 
6.47889 7.42839 6.75 
6.97889 7.07161 6.25 
6.02111 7.92839 7.75 
6.52111 7.57161 7.25 
6.47889 7.42839 7.75 
6.97889 7.07161 7.25 
7.02111 0.92839 0.75 
7.52111 0.57161 0.25 
7.47889 0.42839 0.75 
7.97889 0.07161 0.25 
7.02111 0.92839 1.75 
7.52111 0.57161 1.25 
7.47889 0.42839 1.75 
7.97889 0.07161 1.25 
7.02111 0.92839 2.75 
7.52111 0.57161 2.25 
7.47889 0.42839 2.75 
7.97889 0.07161 2.25 
7.02111 0.92839 3.75 
7.52111 0.57161 3.25 
7.47889 0.42839 3.75 
7.97889 0.07161 3.25 
7.02111 0.92839 4.75 
7.52111 0.57161 4.25 
7.47889 0.42839 4.75 
7.97889 0.07161 4.25 
7.02111 0.92839 5.75 
7.52111 0.57161 5.25 
7.47889 0.42839 5.75 
7.97889 0.07161 5.25 
7.02111 0.92839 6.75 
7.52111 0.57161 6.25 
7.47889 0.42839 6.75 
7.97889 0.07161 6.25 
7.02111 0.92839 7.75 
7.52111 0.57161 7.25 
7.47889 0.42839 7.75 
7.97889 0.07161 7.25 
7.02111 1.92839 0.75 
7.52111 1.57161 0.25 
7.47889 1.42839 0.75 
7.97889 1.07161 0.25 
7.02111 1.92839 1.75 
7.52111 1.57161 1.25 
7.47889 1.42839 1.75 
7.97889 1.07161 1.25 
7.02111 1.92839 2.75 
7.52111 1.57161 2.25 
7.47889 1.42839 2.75 
7.97889 1.07161 2.25 
7.02111 1.92839 3.75 
7.52111 1.57161 3.25 
7.47889 1.42839 3.75 
7.97889 1.07161 3.25 
7.02111 1.92839 4.75 
7.52111 1.57161 4.25 
7.47889 1.42839 4.75 
7.97889 1.07161 4.25 
7.02111 1.92839 5.75 
7.52111 1.57161 5.25 
7.47889 1.42839 5.75 
7.97889 1.07161 5.25 
7.02111 1.92839 6.75 
7.52111 1.57161 6.25 
7.47889 1.42839 6.75 
7.97889 1.07161 6.25 
7.02111 1.92839 7.75 
7.52111 1.57161 7.25 
7.47889 1.42839 7.75 
7.97889 1.07161 7.25 
7.02111 2.92839 0.75 
7.52111 2.57161 0.25 
7.47889 2.42839 0.75 
7.97889 2.07161 0.25 
7.02111 2.92839 1.75 
7.52111 2.57161 1.25 
7.47889 2.42839 1.75 
7.97889 2.07161 1.25 
7.02111 2.92839 2.75 
7.52111 2.57161 2.25 
7.47889 2.42839 2.75 
7.97889 2.07161 2.25 
7.02111 2.92839 3.75 
7.52111 2.57161 3.25 
7.47889 2.42839 3.75 
7.97889 2.07161 3.25 
7.02111 2.92839 4.75 
7.52111 2.57161 4.25 
7.47889 2.42839 4.75 
7.97889 2.07161 4.25 
7.02111 2.92839 5.75 
7.52111 2.57161 5.25 
7.47889 2.42839 5.75 
7.97889 2.07161 5.25 
7.02111 2.92839 6.75 
7.52111 2.57161 6.25 
7.47889 2.42839 6.75 
7.97889 2.07161 6.25 
7.02111 2.92839 7.75 
7.52111 2.57161 7.25 
7.47889 2.42839 7.75 
7.97889 2.07161 7.25 
7.02111 3.92839 0.75 
7.52111 3.57161 0.25 
7.47889 3.42839 0.75 
7.97889 3.07161 0.25 
7.02111 3.92839 1.75 
7.52111 3.57161 1.25 
7.47889 3.42839 1.75 
7.97889 3.07161 1.25 
7.02111 3.92839 2.75 
7.52111 3.57161 2.25 
7.47889 3.42839 2.75 
7.97889 3.07161 2.25 
7.02111 3.92839 3.75 
7.52111 3.57161 3.25 
7.47889 3.42839 3.75 
7.97889 3.07161 3.25 
7.02111 3.92839 4.75 
7.52111 3.57161 4.25 
7.47889 3.42839 4.75 
7.97889 3.07161 4.25 
7.02111 3.92839 5.75 
7.52111 3.57161 5.25 
7.47889 3.42839 5.75 
7.97889 3.07161 5.25 
7.02111 3.92839 6.75 
7.52111 3.57161 6.25 
7.47889 3.42839 6.75 
7.97889 3.07161 6.25 
7.02111 3.92839 7.75 
7.52111 3.57161 7.25 
7.47889 3.42839 7.75 
7.97889 3.07161 7.25 
7.02111 4.92839 0.75 
7.52111 4.57161 0.25 
7.47889 4.42839 0.75 
7.97889 4.07161 0.25 
7.02111 4.92839 1.75 
7.52111 4.57161 1.25 
7.47889 4.42839 1.75 
7.97889 4.07161 1.25 
7.02111 4.92839 2.75 
7.52111 4.57161 2.25 
7.47889 4.42839 2.75 
7.97889 4.07161 2.25 
7.02111 4.92839 3.75 
7.52111 4.57161 3.25 
7.47889 4.42839 3.75 
7.97889 4.07161 3.25 
7.02111 4.92839 4.75 
7.52111 4.57161 4.25 
7.47889 4.42839 4.75 
7.97889 4.07161 4.25 
7.02111 4.92839 5.75 
7.52111 4.57161 5.25 
7.47889 4.42839 5.75 
7.97889 4.07161 5.25 
7.02111 4.92839 6.75 
7.52111 4.57161 6.25 
7.47889 4.42839 6.75 
7.97889 4.07161 6.25 
7.02111 4.92839 7.75 
7.52111 4.57161 7.25 
7.47889 4.42839 7.75 
7.97889 4.07161 7.25 
7.02111 5.92839 0.75 
7.52111 5.57161 0.25 
7.47889 5.42839 0.75 
7.97889 5.07161 0.25 
7.02111 5.92839 1.75 
7.52111 5.57161 1.25 
7.47889 5.42839 1.75 
7.97889 5.07161 1.25 
7.02111 5.92839 2.75 
7.52111 5.57161 2.25 
7.47889 5.42839 2.75 
7.97889 5.07161 2.25 
7.02111 5.92839 3.75 
7.52111 5.57161 3.25 
7.47889 5.42839 3.75 
7.97889 5.07161 3.25 
7.02111 5.92839 4.75 
7.52111 5.57161 4.25 
7.47889 5.42839 4.75 
7.97889 5.07161 4.25 
7.02111 5.92839 5.75 
7.52111 5.57161 5.25 
7.47889 5.42839 5.75 
7.97889 5.07161 5.25 
7.02111 5.92839 6.75 
7.52111 5.57161 6.25 
7.47889 5.42839 6.75 
7.97889 5.07161 6.25 
7.02111 5.92839 7.75 
7.52111 5.57161 7.25 
7.47889 5.42839 7.75 
7.97889 5.07161 7.25 
7.02111 6.92839 0.75 
7.52111 6.57161 0.25 
7.47889 6.42839 0.75 
7.97889 6.07161 0.25 
7.02111 6.92839 1.75 
7.52111 6.57161 1.25 
7.47889 6.42839 1.75 
7.97889 6.07161 1.25 
7.02111 6.92839 2.75 
7.52111 6.57161 2.25 
7.47889 6.42839 2.75 
7.97889 6.07161 2.25 
7.02111 6.92839 3.75 
7.52111 6.57161 3.25 
7.47889 6.42839 3.75 
7.97889 6.07161 3.25 
7.02111 6.92839 4.75 
7.52111 6.57161 4.25 
7.47889 6.42839 4.75 
7.97889 6.07161 4.25 
7.02111 6.92839 5.75 
7.52111 6.57161 5.25 
7.47889 6.42839 5.75 
7.97889 6.07161 5.25 
7.02111 6.92839 6.75 
7.52111 6.57161 6.25 
7.47889 6.42839 6.75 
7.97889 6.07161 6.25 
7.02111 6.92839 7.75 
7.52111 6.57161 7.25 
7.47889 6.42839 7.75 
7.97889 6.07161 7.25 
7.02111 7.92839 0.75 
7.52111 7.57161 0.25 
7.47889 7.42839 0.75 
7.97889 7.07161 0.25 
7.02111 7.92839 1.75 
7.52111 7.57161 1.25 
7.47889 7.42839 1.75 
7.97889 7.07161 1.25 
7.02111 7.92839 2.75 
7.52111 7.57161 2.25 
7.47889 7.42839 2.75 
7.97889 7.07161 2.25 
7.02111 7.92839 3.75 
7.52111 7.57161 3.25 
7.47889 7.42839 3.75 
7.97889 7.07161 3.25 
7.02111 7.92839 4.75 
7.52111 7.57161 4.25 
7.47889 7.42839 4.75 
7.97889 7.07161 4.25 
7.02111 7.92839 5.75 
7.52111 7.57161 5.25 
7.47889 7.42839 5.75 
7.97889 7.07161 5.25 
7.02111 7.92839 6.75 
7.52111 7.57161 6.25 
7.47889 7.42839 6.75 
7.97889 7.07161 6.25 
7.02111 7.92839 7.75 
7.52111 7.57161 7.25 
7.47889 7.42839 7.75 
7.97889 7.07161 7.25 
